tree
version=v4
num_class=1
num_tree_per_iteration=1
label_index=0
max_feature_idx=9
objective=binary sigmoid:1
feature_names=monthly_salary disposable_income savings_ratio dti_ratio balance_volatility essential_spend_ratio discretionary_spend_ratio medical_spend_ratio salary_growth_rate account_vintage_months
feature_infos=[26000:349000] [11765.27:310290.64000000001] [-3.5794000000000001:-0.18820000000000001] [0:0.63859999999999995] [-18.709900000000001:8.7969000000000008] [0.0184:0.27839999999999998] [0.015299999999999999:0.22620000000000001] [0.0089999999999999993:0.5827] none [3:119]
tree_sizes=922 965 1169 1278 1275 1277 1496 1488 1172 1073 1393 1286 1388 1504 1505 1708 1717 1722 1726 1728 1722 1720 1734 1621 1526 1625 1730 1411 1520 1738 1522 1520 1631 1735 1424 1743 1531 1420 1533 1421

Tree=0
num_leaves=8
num_cat=0
split_feature=1 4 3 7 0 1 0
split_gain=43.0047 30.0757 7.18279 2.331 3.885 1.86582 3.55271e-15
threshold=24158.455000000005 -1.0000000180025095e-35 0.40820000000000006 0.18615000000000001 30500.000000000004 25805.750000000004 40000.000000000007
decision_type=2 2 2 2 2 2 2
left_child=3 2 5 4 -1 -2 -7
right_child=1 -3 -4 -5 -6 6 -8
leaf_value=0.90203002106261609 1.2128303242844569 0.90203002106261265 1.0574301726735358 0.90203002106261354 1.2128303242844569 1.3682304758953787 1.3682304758953787
leaf_weight=0.51479999721050551 0.51479999721050163 1.0295999944210024 0.5147999972105034 1.5443999916315077 0.51479999721050262 1.7159999907016743 10.810799941420553
leaf_count=3 3 6 3 9 3 10 63
internal_value=1.26567 1.31887 1.35053 0.96419 1.05743 1.3621 1.36823
internal_weight=17.16 14.586 13.5564 2.574 1.0296 13.0416 12.5268
internal_count=100 85 79 15 6 76 73
is_linear=0
shrinkage=1


Tree=1
num_leaves=8
num_cat=0
split_feature=1 4 3 1 7 0 0
split_gain=31.8859 22.6997 6.01737 1.72473 1.25071 2.35501 3.55271e-15
threshold=24158.455000000005 -1.0000000180025095e-35 0.40820000000000006 25805.750000000004 0.18615000000000001 30500.000000000004 44500.000000000007
decision_type=2 2 2 2 2 2 2
left_child=4 2 3 -2 5 -1 -6
right_child=1 -3 -4 -5 6 -7 -8
leaf_value=-0.27716809416946131 -0.047154144886849825 -0.27716809416946347 -0.17094875813780558 0.1003645634575282 -0.27716809416946286 -0.047154144886849735 -0.27716809416946275
leaf_weight=0.61597260832786849 0.53000311553478141 1.2319452166557283 0.57401874661445695 11.806661397218702 1.0266210138797758 0.53000311553478241 0.82129681110382069
leaf_count=3 3 6 3 73 5 3 4
internal_value=0.000728924 0.0509378 0.0822459 0.0940269 -0.236449 -0.170789 -0.277168
internal_weight=17.1365 14.1426 12.9107 12.3367 2.99389 1.14598 1.84792
internal_count=100 85 79 76 15 6 9
is_linear=0
shrinkage=0.08


Tree=2
num_leaves=10
num_cat=0
split_feature=1 4 5 1 0 1 1 5 0
split_gain=25.1895 18.3346 8.37594 1.60964 0.873082 2.56144 0.0545884 0.00263976 1.77636e-15
threshold=24158.455000000005 -1.0000000180025095e-35 0.25355000000000005 25805.750000000004 34500.000000000007 20730.490000000002 20730.490000000002 0.16600000000000004 102000.00000000001
decision_type=2 2 2 2 2 2 2 2 2
left_child=4 2 3 -2 6 -6 -1 -5 -3
right_child=1 8 -4 7 5 -7 -8 -9 -10
leaf_value=-0.2294390414804541 -0.042257809695738613 -0.22943904148045571 -0.27412611106396328 0.098419905986664974 -0.22943904148045491 -0.02389396649195729 -0.26000790171552929 0.10430467360080922 -0.22943904148045474
leaf_weight=0.90840476751327803 0.54349762201309104 0.68130357563495347 0.41333588957786638 10.801143795251843 1.1355059593915937 0.5894329398870467 0.63536825776100159 0.51092551648616868 0.68130357563495636
leaf_count=4 3 3 2 71 5 3 3 3 3
internal_value=0.00113569 0.0489624 0.0798821 0.0922244 -0.198316 -0.159202 -0.24202 0.0986857 -0.229439
internal_weight=16.9002 13.6315 12.2689 11.8556 3.26871 1.72494 1.54377 11.3121 1.36261
internal_count=100 85 79 77 15 8 7 74 6
is_linear=0
shrinkage=0.08


Tree=3
num_leaves=11
num_cat=0
split_feature=1 4 5 1 2 0 6 5 0 0
split_gain=20.5783 15.3426 6.91306 1.50178 0.781278 2.09931 0.0684507 0.0019977 3.55271e-15 1.77636e-15
threshold=24158.455000000005 -1.0000000180025095e-35 0.25355000000000005 25805.750000000004 -1.4789999999999999 34500.000000000007 0.040700000000000007 0.16600000000000004 259000.00000000003 139500.00000000003
decision_type=2 2 2 2 2 2 2 2 2 2
left_child=4 2 3 -2 5 -1 -6 8 9 -5
right_child=1 -3 -4 7 6 -7 -8 -9 -10 -11
leaf_value=-0.19736537055713657 -0.038000428443291059 -0.19880096791961566 -0.22758171248003295 0.096693368102055366 -0.19880096791961471 -0.014963684566090846 -0.23204570590368476 0.10196451085572079 0.096693368102055061 0.096693368102055088
leaf_weight=1.2051525861024859 0.55550256371498008 1.4428600966930361 0.45590862631797868 8.5702183842658926 0.96190673112869507 0.60734175145626057 0.67420446872711182 0.48202157020568925 0.71418486535549242 0.85702183842659074
leaf_count=5 3 6 2 60 4 3 3 3 5 6
internal_value=0.00141787 0.0472598 0.0777742 0.0902275 -0.172423 -0.136245 -0.2125 0.0969325 0.0966934 0.0966934
internal_weight=16.5263 13.0777 11.6349 11.1789 3.44861 1.81249 1.63611 10.6234 10.1414 9.42724
internal_count=100 85 79 77 15 8 7 74 71 66
is_linear=0
shrinkage=0.08


Tree=4
num_leaves=11
num_cat=0
split_feature=1 4 5 0 7 0 1 9 5 5
split_gain=17.194 13.1186 5.88739 1.52576 0.681932 1.21074 0.00551566 0.00480985 0.00151433 1.77636e-15
threshold=24158.455000000005 -1.0000000180025095e-35 0.25355000000000005 36500.000000000007 0.18615000000000001 30500.000000000004 26853.135000000006 26.500000000000004 0.16600000000000004 0.13715000000000002
decision_type=2 2 2 2 2 2 2 2 2 2
left_child=4 2 3 -2 5 -1 -5 -6 9 -8
right_child=1 -3 -4 6 7 -7 8 -9 -10 -11
leaf_value=-0.17654210582958801 -0.036545810066101983 -0.17738268473660782 -0.1975425282417794 0.10391378324718757 -0.17671719509014389 -0.023300520602104077 0.095154820147151473 -0.18421136857229109 0.099891524718938654 0.095154820147151209
leaf_weight=0.74338342249393752 0.5904335081577291 1.4855953752994508 0.48194092512130815 0.51136931777000327 0.99101760983467135 0.59334775805473328 8.167871922254557 1.2263874560594556 0.45381559431552965 0.8033972382545479
leaf_count=3 4 6 2 3 4 3 61 5 3 6
internal_value=0.00160272 0.0457668 0.0758799 0.0883977 -0.153654 -0.108521 0.0958219 -0.180862 0.0953829 0.0951548
internal_weight=16.0486 12.4944 11.0088 10.5269 3.55414 1.33673 9.93645 2.21741 9.42508 8.97127
internal_count=100 85 79 77 15 6 73 9 70 67
is_linear=0
shrinkage=0.08


Tree=5
num_leaves=11
num_cat=0
split_feature=1 4 7 0 0 1 1 5 0 0
split_gain=14.6879 13.0802 3.08042 8.56501 0.00902953 0.00506006 0.00277924 0.00115541 1.77636e-15 2.22045e-16
threshold=26853.135000000006 -1.0000000180025095e-35 0.18615000000000001 34500.000000000007 46000.000000000007 25805.750000000004 15206.585000000001 0.16600000000000004 43500.000000000007 40000.000000000007
decision_type=2 2 2 2 2 2 2 2 2 2
left_child=2 7 3 -1 6 -5 -4 8 9 -2
right_child=1 -3 4 5 -6 -7 -8 -9 -10 -11
leaf_value=-0.19915374680012257 0.093779239610526824 -0.16155404161647494 -0.16665645855244013 0.10546930239518204 -0.17251841891772091 0.095240475073993539 -0.16020805872277952 0.098047653596608039 0.093779239610526463 0.093779239610526241
leaf_weight=1.1673936694860469 0.75206127762794117 1.4998612403869618 0.74757020175457023 0.73190554976463296 0.99351361393928517 0.53632374852895737 0.99991802871227264 0.42647875845432359 7.2699256837368011 0.37603063881397247
leaf_count=5 6 6 3 4 4 4 4 3 58 3
internal_value=0.00172035 0.0568623 -0.108256 -0.0427889 -0.166429 0.101144 -0.162967 0.0939855 0.0937792 0.0937792
internal_weight=15.501 10.3244 5.17662 2.43562 2.741 1.26823 1.74749 8.8245 8.39802 1.12809
internal_count=100 76 24 13 11 8 7 70 67 9
is_linear=0
shrinkage=0.08


Tree=6
num_leaves=13
num_cat=0
split_feature=1 4 7 0 0 1 1 5 0 4 4 4
split_gain=12.7956 11.5765 2.55291 7.22685 0.00540778 0.00373472 0.00170784 0.000884464 1.77636e-15 1.77636e-15 1.77636e-15 4.44089e-16
threshold=26853.135000000006 -1.0000000180025095e-35 0.18615000000000001 34500.000000000007 46000.000000000007 25805.750000000004 15206.585000000001 0.16600000000000004 259000.00000000003 -0.67739999999999989 -0.84309999999999985 -0.72824999999999995
decision_type=2 2 2 2 2 2 2 2 2 2 2 2
left_child=2 7 3 -1 6 -5 -4 8 9 10 -2 -12
right_child=1 -3 4 5 -6 -7 -8 -9 -10 -11 11 -13
leaf_value=-0.17942856370643004 0.092545782499035223 -0.14938785217575767 -0.1533987817908064 0.10292146012942306 -0.15789463792521957 0.093857073774231595 -0.14833633106214505 0.096401633239907164 0.092545782499035043 0.092545782499035015 0.092545782499035112 0.092545782499034959
leaf_weight=1.1908802390098583 4.6874254941940281 1.4924305379390705 0.74714900553226493 0.69166773557662942 0.99836832284927357 0.50208720564842224 0.99372430145740509 0.40013548731803883 0.58592818677425373 0.93748509883880693 1.2890420109033582 0.3515569120645522
leaf_count=5 40 6 3 4 4 4 4 3 5 8 11 3
internal_value=0.00183079 0.0556486 -0.100514 -0.0399919 -0.153201 0.099109 -0.150509 0.0927328 0.0925458 0.0925458 0.0925458 0.0925458
internal_weight=14.8679 9.744 5.12388 2.38464 2.73924 1.19375 1.74087 8.25157 7.85144 7.26551 6.32802 1.6406
internal_count=100 76 24 13 11 8 7 70 67 62 54 14
is_linear=0
shrinkage=0.08


Tree=7
num_leaves=13
num_cat=0
split_feature=1 4 7 0 1 1 0 5 0 0 0 2
split_gain=11.2447 10.3171 2.15272 6.19628 0.00338863 0.00277361 0.00147319 0.000679005 1.77636e-15 1.77636e-15 8.88178e-16 2.22045e-16
threshold=26853.135000000006 1.0000000180025095e-35 0.18615000000000001 34500.000000000007 20730.490000000002 25805.750000000004 43500.000000000007 0.16600000000000004 219000.00000000003 44500.000000000007 73500.000000000015 -1.8118499999999997
decision_type=2 2 2 2 2 2 2 2 2 2 2 2
left_child=2 7 3 -1 6 -5 -4 8 9 11 -11 -2
right_child=1 -3 4 5 -6 -7 -8 -9 -10 10 -12 -13
leaf_value=-0.1645252399130894 0.091436830057487525 -0.13975925220826713 -0.14336635635807557 0.1006809970861338 -0.1465486578917598 0.092616602083300595 -0.13863062370940235 0.094927529624169671 0.091436830057487595 0.09143683005748765 0.091436830057487664 0.091436830057487803
leaf_weight=1.1945712864398967 0.54717116057872772 1.4685382246971128 0.73841381072998069 0.65211173892021157 0.98991744220256794 0.46943825483322144 0.97616592049598694 0.37487216293811787 0.87547385692596424 1.5320792496204374 3.611329659819603 0.76603962481021681
leaf_count=5 5 6 3 4 4 4 4 3 8 14 33 7
internal_value=0.00190911 0.0545765 -0.094344 -0.0377373 -0.142822 0.0973055 -0.14067 0.0916066 0.0914368 0.0914368 0.0914368 0.0914368
internal_weight=14.1961 9.1755 5.02062 2.31612 2.7045 1.12155 1.71458 7.70697 7.33209 6.45662 5.14341 1.31321
internal_count=100 76 24 13 11 8 7 70 67 59 47 12
is_linear=0
shrinkage=0.08


Tree=8
num_leaves=10
num_cat=0
split_feature=1 4 7 0 0 1 1 5 0
split_gain=9.9493 9.24378 1.8401 5.37567 0.00233037 0.00207114 0.0008123 0.000522583 1.77636e-15
threshold=26853.135000000006 -1.0000000180025095e-35 0.18615000000000001 34500.000000000007 46000.000000000007 25805.750000000004 15206.585000000001 0.16600000000000004 88500.000000000015
decision_type=2 2 2 2 2 2 2 2 2
left_child=2 7 3 -1 6 -5 -4 8 -2
right_child=1 -3 4 5 -6 -7 -8 -9 -10
leaf_value=-0.15285439684268051 0.090437464960635497 -0.13196469989498757 -0.13468898447897576 0.098701295521945412 -0.13759068923051565 0.091501370376014218 -0.13112984145945844 0.093603611545501786 0.090437464960635469
leaf_weight=1.1833034902811062 4.08364713191986 1.4323004186153401 0.7217177748680117 0.61355167627334573 0.97179678082466114 0.43841160088777542 0.951407790184021 0.35074453055858601 2.7564618140459061
leaf_count=5 40 6 3 4 4 4 4 3 27
internal_value=0.0019658 0.0536254 -0.0893152 -0.0358792 -0.134475 0.0957007 -0.132665 0.0905919 0.0904375
internal_weight=13.5033 8.62315 4.88019 2.23527 2.64492 1.05196 1.67313 7.19085 6.84011
internal_count=100 76 24 13 11 8 7 70 67
is_linear=0
shrinkage=0.08


Tree=9
num_leaves=9
num_cat=0
split_feature=1 4 7 0 1 0 1 5
split_gain=8.8515 8.31692 1.59015 4.706 0.00155412 0.00154756 0.000549259 0.000403084
threshold=26853.135000000006 -1.0000000180025095e-35 0.18615000000000001 34500.000000000007 25805.750000000004 46000.000000000007 15206.585000000001 0.16600000000000004
decision_type=2 2 2 2 2 2 2 2
left_child=2 7 3 -1 -5 6 -4 -2
right_child=1 -3 5 4 -6 -7 -8 -9
leaf_value=-0.14346463450586369 0.089534952862458259 -0.12554040768019886 -0.12781975221596428 0.096944541089586403 0.090496357369436509 -0.13020368523588891 -0.12484711851172245 0.092411565482484317
leaf_weight=1.1607711762189876 6.3752627447247496 1.3869827985763539 0.70051877200603507 0.57622089982032765 0.40901556611061096 0.94581826031208027 0.92059195041656494 0.32778352499008168
leaf_count=5 67 6 3 4 4 4 4 3
internal_value=0.00200745 0.0527782 -0.0851435 -0.0343213 0.0942676 -0.127632 -0.126132 0.0896756
internal_weight=12.803 8.09003 4.71294 2.14601 0.985236 2.56693 1.62111 6.70305
internal_count=100 76 24 13 8 11 7 70
is_linear=0
shrinkage=0.08


Tree=10
num_leaves=12
num_cat=0
split_feature=1 4 7 0 1 1 0 5 2 0 0
split_gain=7.91028 7.50832 1.38645 4.14918 0.00117122 0.0010872 0.000549813 0.000311517 1.77636e-15 8.88178e-16 4.44089e-16
threshold=26853.135000000006 1.0000000180025095e-35 0.18615000000000001 34500.000000000007 25805.750000000004 20730.490000000002 43500.000000000007 0.16600000000000004 -0.81674999999999986 107500.00000000001 102000.00000000001
decision_type=2 2 2 2 2 2 2 2 2 2 2
left_child=2 7 3 -1 -5 6 -4 8 9 -2 -3
right_child=1 10 5 4 -6 -7 -8 -9 -10 -11 -12
leaf_value=-0.13574958940380216 0.088718349111517561 -0.12016755796592378 -0.12236587698998337 0.095379727176783557 0.089588749094663994 -0.12412420218701663 -0.11933644838508684 0.091335825363249246 0.088718349111517311 0.088718349111517519 -0.12016755796592374
leaf_weight=1.1298458278179171 4.0761947333812705 0.66759364306926705 0.67722685635089896 0.54028716683387745 0.38123771548271179 0.91463540494441975 0.88377964496612549 0.30600032210350026 0.62029050290584642 1.2405810058116911 0.66759364306926727
leaf_count=5 46 3 3 4 4 4 4 3 7 14 3
internal_value=0.00203839 0.0520211 -0.0816331 -0.032997 0.092984 -0.121934 -0.120651 0.0888466 0.0887183 0.0887183 -0.120168
internal_weight=12.1053 7.57825 4.52701 2.05137 0.921525 2.47564 1.56101 6.24307 5.93707 5.31678 1.33519
internal_count=100 76 24 13 8 11 7 70 67 60 6
is_linear=0
shrinkage=0.08


Tree=11
num_leaves=11
num_cat=0
split_feature=1 4 7 0 1 9 9 3 5 0
split_gain=7.09567 6.79715 1.2178 3.67934 0.000886091 0.000762734 0.00133898 0.000383991 1.2686e-06 8.88178e-16
threshold=26853.135000000006 1.0000000180025095e-35 0.18615000000000001 34500.000000000007 25805.750000000004 21.500000000000004 28.500000000000004 0.36140000000000005 0.14515000000000003 259000.00000000003
decision_type=2 2 2 2 2 2 2 2 2 2
left_child=2 7 3 -1 -5 -4 -7 8 9 -2
right_child=1 -3 5 4 -6 6 -8 -9 -10 -11
leaf_value=-0.12930351383783178 0.087978182829486343 -0.11561945876358916 -0.11520467216506224 0.093981247275430599 0.088767530262811756 -0.1208703545502859 -0.11609687359547102 0.091472579244183838 0.087791131787243001 0.087978182829486176
leaf_weight=1.0927843004465101 4.9476085603237152 1.2789886593818662 0.84870341420173678 0.50586502254009236 0.35504958778619766 0.67134058475494363 0.85511493682861328 0.20775882154703129 0.24255191534757603 0.41230071336030949
leaf_count=5 60 6 4 4 4 3 4 2 3 5
internal_value=0.00206157 0.0513424 -0.0786439 -0.0318586 0.0918311 -0.117127 -0.118196 0.0880953 0.0879701 0.0879782
internal_weight=11.4181 7.08921 4.32886 1.9537 0.860915 2.37516 1.52646 5.81022 5.60246 5.35991
internal_count=100 76 24 13 8 11 7 70 68 65
is_linear=0
shrinkage=0.08


Tree=12
num_leaves=12
num_cat=0
split_feature=1 4 7 0 1 1 7 0 5 6 0
split_gain=6.3851 6.16755 1.07623 3.27822 0.00067271 0.000541649 0.000297443 0.00028025 9.69064e-07 2.46242e-09 1.77636e-15
threshold=26853.135000000006 1.0000000180025095e-35 0.18615000000000001 34500.000000000007 25805.750000000004 20730.490000000002 0.18615000000000001 43500.000000000007 0.14515000000000003 0.031400000000000004 44500.000000000007
decision_type=2 2 2 2 2 2 2 2 2 2 2
left_child=2 6 3 -1 -5 7 8 -4 9 -2 -11
right_child=1 -3 5 4 -6 -7 -8 -9 -10 10 -12
leaf_value=-0.12384401923214881 0.087297789605255846 -0.11173031374036782 -0.1133540559920559 0.092727662317934709 0.08802319871397643 -0.1146359608021149 0.090488659351294673 -0.11109294682702463 0.087136332056833618 0.087306268215398969 0.087306268215399038
leaf_weight=1.0513729155063627 0.22982385754585255 1.2200386226177213 0.62116159498691581 0.473026543855667 0.33041045814752579 0.84154742956161488 0.19402166455984104 0.80606988072395325 0.22551757842302311 0.84350463747978199 3.9107942283153534
leaf_count=5 3 6 3 4 4 4 2 4 3 11 51
internal_value=0.00207905 0.0507323 -0.0760724 -0.030871 0.090793 -0.113026 0.0874131 -0.112077 0.0872985 0.0873059 0.0873063
internal_weight=10.7473 6.6237 4.12359 1.85481 0.803437 2.26878 5.40366 1.42723 5.20964 4.98412 4.7543
internal_count=100 76 24 13 8 11 70 7 68 65 62
is_linear=0
shrinkage=0.08


Tree=13
num_leaves=13
num_cat=0
split_feature=1 4 7 0 1 9 9 7 5 6 2 4
split_gain=5.76136 5.6072 0.956184 2.93247 0.000512314 0.000408735 0.000681835 0.000229576 7.45238e-07 1.89652e-09 8.88178e-16 8.88178e-16
threshold=26853.135000000006 1.0000000180025095e-35 0.18615000000000001 34500.000000000007 25805.750000000004 21.500000000000004 28.500000000000004 0.18615000000000001 0.14515000000000003 0.031400000000000004 -0.98844999999999994 -0.67739999999999989
decision_type=2 2 2 2 2 2 2 2 2 2 2 2
left_child=2 7 3 -1 -5 -4 -7 8 9 -2 11 -11
right_child=1 -3 5 4 -6 6 -8 -9 -10 10 -12 -13
leaf_value=-0.11916812301166443 0.086687720322465772 -0.10837595719618934 -0.1080201932025448 0.091600977897143207 0.087347500073409398 -0.11230952324504441 -0.10874262337626311 0.08959167573037996 0.086540842399318266 0.086695438833392161 0.086695438833392008 0.086695438833392022
leaf_weight=1.007031098008156 0.21358633041381825 1.1596471667289732 0.76831750571727786 0.44180952012538899 0.30727051943540573 0.6146978437900541 0.77594730257987976 0.18082449585199345 0.20955305546522129 3.0643964782357211 0.85518041253089983 0.49885524064302433
leaf_count=5 3 6 4 4 4 3 4 2 3 43 12 7
internal_value=0.00209221 0.0501825 -0.0738441 -0.0300075 0.0898562 -0.109501 -0.110319 0.0867929 0.0866884 0.0866951 0.0866954 0.0866954
internal_weight=10.0971 6.18204 3.91507 1.75611 0.74908 2.15896 1.39065 5.0224 4.84157 4.63202 4.41843 3.56325
internal_count=100 76 24 13 8 11 7 70 68 65 62 50
is_linear=0
shrinkage=0.08


Tree=14
num_leaves=13
num_cat=0
split_feature=1 4 7 0 1 9 9 3 5 7 2 0
split_gain=5.21071 5.10624 0.853291 2.63205 0.000391264 0.000294251 0.000486385 0.000178194 5.72074e-07 4.51225e-09 1.04805e-13 8.88178e-16
threshold=26853.135000000006 1.0000000180025095e-35 0.18615000000000001 34500.000000000007 25805.750000000004 21.500000000000004 28.500000000000004 0.36140000000000005 0.14515000000000003 0.17400000000000002 -2.7244499999999996 219000.00000000003
decision_type=2 2 2 2 2 2 2 2 2 2 2 2
left_child=2 7 3 -1 -5 -4 -7 8 9 10 -2 -12
right_child=1 -3 5 4 -6 6 -8 -9 -10 -11 11 -13
leaf_value=-0.11512587867570162 0.086139469998405632 -0.10546147148613896 -0.10515149341760641 0.090585910542799311 0.086733223727945119 -0.10887748003500829 -0.1057859784432203 0.088782379680355489 0.08599862268339642 0.086127063557937394 0.086139417949039981 0.086139417949039856
leaf_weight=0.96088819205760978 0.26477484405040641 1.0988465845584867 0.72779400646686587 0.41222472488880157 0.28557342290878296 0.58458067476749398 0.73547939956188202 0.16853567212820042 0.19461181759834278 0.19823548197746266 3.4420491456985487 0.39715951681137074
leaf_count=5 4 6 4 4 4 3 4 2 3 3 52 6
internal_value=0.00210218 0.0496862 -0.0718979 -0.0292476 0.0890092 -0.106443 -0.107155 0.0862285 0.0861328 0.0861389 0.0861394 0.0861394
internal_weight=9.47075 5.76421 3.70654 1.65869 0.697798 2.04785 1.32006 4.66537 4.49683 4.30222 4.10398 3.83921
internal_count=100 76 24 13 8 11 7 70 68 65 62 58
is_linear=0
shrinkage=0.08


Tree=15
num_leaves=15
num_cat=0
split_feature=1 4 7 0 1 9 9 7 5 6 7 0 0 0
split_gain=4.72234 4.65671 0.764404 2.36927 0.000299578 0.000213835 0.000350497 0.000137977 4.41571e-07 3.53867e-09 3.4639e-14 8.88178e-16 2.22045e-16 1.11022e-16
threshold=26853.135000000006 1.0000000180025095e-35 0.18615000000000001 34500.000000000007 25805.750000000004 21.500000000000004 28.500000000000004 0.18615000000000001 0.14515000000000003 0.031400000000000004 0.14165000000000003 93000.000000000015 126000.00000000001 107500.00000000001
decision_type=2 2 2 2 2 2 2 2 2 2 2 2 2 2
left_child=2 7 3 -1 -5 -4 -7 8 9 -2 11 -11 13 -13
right_child=1 -3 5 4 -6 6 -8 -9 -10 10 -12 12 -14 -15
leaf_value=-0.11160392595892323 0.085621359447349138 -0.1029130164362822 -0.10264132572426293 0.089669446607217665 0.086174078517338645 -0.10589871626750386 -0.1032016380591025 0.088043690516465822 0.085504320287164703 0.085632715237344378 0.085632743438904119 0.08563271523734424 0.08563271610255177 0.08563271523734399
leaf_weight=0.91384167969226859 0.18402852118015323 1.038443326950073 0.68758951127529133 0.38426163792610168 0.2652582935988903 0.55418565869331338 0.69523143768310547 0.15683312341570843 0.18064559996128071 2.273683801293374 0.30725588649511326 0.3072545677423475 0.73741095513105392 0.18435274064540863
leaf_count=5 3 6 4 4 4 3 4 2 3 37 5 5 12 3
internal_value=0.00210969 0.0492371 -0.0701884 -0.0285752 0.088242 -0.103774 -0.104398 0.0857142 0.0856267 0.0856322 0.0856327 0.0856327 0.0856327 0.0856327
internal_weight=8.87028 5.36991 3.50037 1.56336 0.64952 1.93701 1.24942 4.33147 4.17463 3.99399 3.80996 3.5027 1.22902 0.491607
internal_count=100 76 24 13 8 11 7 70 68 65 62 57 20 8
is_linear=0
shrinkage=0.08


Tree=16
num_leaves=15
num_cat=0
split_feature=1 4 7 0 1 0 3 1 5 7 2 0 7 0
split_gain=4.28741 4.25204 0.687054 2.1381 0.000229907 0.000157638 0.000107356 6.02785e-05 3.40267e-07 5.30486e-09 1.55431e-13 8.88178e-16 4.44089e-16 1.11022e-16
threshold=26853.135000000006 1.0000000180025095e-35 0.18615000000000001 34500.000000000007 25805.750000000004 46000.000000000007 0.36140000000000005 15206.585000000001 0.14515000000000003 0.17400000000000002 -2.7244499999999996 44500.000000000007 0.14165000000000003 40000.000000000007
decision_type=2 2 2 2 2 2 2 2 2 2 2 2 2 2
left_child=2 6 3 -1 -5 7 8 -4 9 10 -2 13 -13 -12
right_child=1 -3 5 4 -6 -7 -8 -9 -10 -11 11 12 -14 -15
leaf_value=-0.10851482366001214 0.085170518335312292 -0.10067224620822172 -0.10151922766044984 0.088840401895193835 0.085664515175519207 -0.10239525265507281 0.087374872719127264 -0.10034903765524482 0.085053253080601993 0.08515601259573298 0.085170450165300324 0.085170450165300726 0.085170444938811748 0.085170450165300393
leaf_weight=0.86660221219062827 0.2280895262956627 0.97906002402305592 0.49932752549648263 0.35789316892623901 0.24626148864626884 0.68185672163963307 0.14596083760261525 0.64648181200027466 0.16760528087615956 0.17064296454191197 0.34213015437126237 2.5659761577844624 0.17106507718563069 0.22808676958084106
leaf_count=5 4 6 3 4 4 4 2 4 3 3 6 45 3 4
internal_value=0.00211533 0.0488301 -0.0686789 -0.0279774 0.0875459 -0.101432 0.085245 -0.100859 0.0851647 0.0851698 0.0851705 0.0851704 0.0851704 0.0851705
internal_weight=8.29704 4.99862 3.29842 1.47076 0.604155 1.82767 4.01956 1.14581 3.8736 3.70599 3.53535 3.30726 2.73704 0.570217
internal_count=100 76 24 13 8 11 70 7 68 65 62 58 48 10
is_linear=0
shrinkage=0.08


Tree=17
num_leaves=15
num_cat=0
split_feature=1 4 7 0 1 9 9 3 5 7 2 7 2 2
split_gain=3.89871 3.88675 0.619329 1.93374 0.000176809 0.000116835 0.00019404 8.33331e-05 2.63359e-07 4.10423e-09 1.35447e-13 8.88178e-16 4.44089e-16 4.44089e-16
threshold=26853.135000000006 1.0000000180025095e-35 0.18615000000000001 34500.000000000007 25805.750000000004 21.500000000000004 28.500000000000004 0.36140000000000005 0.14515000000000003 0.17400000000000002 -2.7244499999999996 0.14165000000000003 -0.73869999999999991 -1.3514499999999998
decision_type=2 2 2 2 2 2 2 2 2 2 2 2 2 2
left_child=2 7 3 -1 -5 -4 -7 8 9 10 -2 12 13 -12
right_child=1 -3 5 4 -6 6 -8 -9 -10 -11 11 -13 -14 -15
leaf_value=-0.10578989157130179 0.084748373006153788 -0.098692450733550485 -0.098476835247332514 0.088089120728684536 0.085199636961758057 -0.10103569132649609 -0.098908469505778224 0.086763026399415716 0.084641244387109155 0.084735121378340342 0.084748306565508483 0.084748312534821207 0.084748306565508538 0.084748306565508622
leaf_weight=0.81972900032997154 0.2115592807531369 0.92116954922676075 0.60956981778144825 0.33307969570159912 0.22851786762475967 0.49448932707309701 0.61670954525470734 0.13565027341246594 0.15544165298342694 0.15827390551567067 1.3222294859588166 0.15866752713918675 0.26444589719176237 1.3222294859588144
leaf_count=5 4 6 4 4 4 3 4 2 3 3 25 3 5 25
internal_value=0.0021195 0.0484607 -0.0673403 -0.0274437 0.0869134 -0.0993669 -0.0998551 0.0848166 0.0847431 0.0847477 0.0847483 0.0847483 0.0847483 0.0847483
internal_weight=7.75176 4.64967 3.1021 1.38133 0.561598 1.72077 1.1112 3.7285 3.59285 3.43741 3.27913 3.06757 2.9089 2.64446
internal_count=100 76 24 13 8 11 7 70 68 65 62 58 55 50
is_linear=0
shrinkage=0.08


Tree=18
num_leaves=15
num_cat=0
split_feature=1 4 7 0 1 2 7 1 5 6 7 2 4 2
split_gain=3.55021 3.55624 0.55967 1.7523 0.000136231 8.85656e-05 6.49413e-05 5.44669e-05 2.03621e-07 4.77089e-09 1.96732e-13 4.44089e-16 4.44089e-16 3.33067e-16
threshold=26853.135000000006 1.0000000180025095e-35 0.18615000000000001 34500.000000000007 25805.750000000004 -0.81674999999999986 0.18615000000000001 15206.585000000001 0.14515000000000003 0.031400000000000004 0.14165000000000003 -1.7783499999999999 -0.63154999999999994 -2.6088499999999994
decision_type=2 2 2 2 2 2 2 2 2 2 2 2 2 2
left_child=2 6 3 -1 -5 7 8 -4 9 -2 11 13 -13 -11
right_child=1 -3 5 4 -6 -7 -8 -9 -10 10 -12 12 -14 -15
leaf_value=-0.10337438705818809 0.084347705533367956 -0.096935758904598754 -0.097604223811444055 0.087407229887239549 0.084775126478311397 -0.098170161213621474 0.086207264075904511 -0.096333713868689747 0.084264576745035374 0.084362475559391567 0.0843625471349633 0.084362472023519236 0.08436247202352011 0.084362472023518931
leaf_weight=0.77365761995315574 0.14666134864091995 0.86512291431426991 0.44182786345481873 0.30977214872837067 0.21196192130446434 0.75281940400600411 0.12608006596565235 0.4224148690700531 0.14410604909062374 0.19614826887845993 0.2451888620853423 1.9124458394944683 0.14711121842264896 0.5394078008830564
leaf_count=5 3 6 3 4 4 5 2 3 3 4 5 39 3 11
internal_value=0.00212257 0.0481248 -0.0661478 -0.0269656 0.0863379 -0.0975358 0.084425 -0.0969832 0.0843576 0.0843618 0.0843625 0.0843625 0.0843625 0.0843625
internal_weight=7.23473 4.32227 2.91245 1.29539 0.521734 1.61706 3.45715 0.864243 3.33107 3.18696 3.0403 2.79511 2.05956 0.735556
internal_count=100 76 24 13 8 11 70 6 68 65 62 57 42 15
is_linear=0
shrinkage=0.08


Tree=19
num_leaves=15
num_cat=0
split_feature=1 4 7 0 1 9 9 7 5 6 7 0 2 2
split_gain=3.2369 3.25658 0.506879 1.59061 0.000105149 6.72151e-05 0.000108748 5.05163e-05 1.58023e-07 3.70518e-09 1.2923e-13 4.44089e-16 4.44089e-16 4.44089e-16
threshold=26853.135000000006 1.0000000180025095e-35 0.18615000000000001 34500.000000000007 25805.750000000004 21.500000000000004 28.500000000000004 0.18615000000000001 0.14515000000000003 0.031400000000000004 0.14165000000000003 44500.000000000007 -0.81674999999999986 -1.0724499999999997
decision_type=2 2 2 2 2 2 2 2 2 2 2 2 2 2
left_child=2 7 3 -1 -5 -4 -7 8 9 -2 11 -11 13 -13
right_child=1 -3 5 4 -6 6 -8 -9 -10 10 -12 12 -14 -15
leaf_value=-0.10122404777824739 0.083996029953215048 -0.095371128598277913 -0.095187301931676238 0.086787438094615241 0.084387121012729396 -0.097239898425173096 -0.095545217257901438 0.085698254035902463 0.083919963277840431 0.084009547697463133 0.084009610705699483 0.08400954773502281 0.084009547697463591 0.084009547697463188
leaf_weight=0.72872282564640067 0.13592926785349968 0.81117260456085194 0.53627556562423684 0.28791461884975433 0.19652856513857841 0.43751028180122375 0.54325325787067413 0.11704970523715008 0.1335507035255431 0.45449357479810792 0.22725005447864521 1.5907274968922154 0.27269614487886285 0.27269614487886418
leaf_count=5 3 6 4 4 4 3 4 2 3 10 5 35 6 6
internal_value=0.00212478 0.0478192 -0.0650822 -0.0265359 0.0858137 -0.0959074 -0.0963012 0.0840669 0.0840051 0.0840089 0.0840096 0.0840095 0.0840095 0.0840095
internal_weight=6.74577 4.01557 2.73021 1.21317 0.484443 1.51704 0.980764 3.20439 3.08734 2.95379 2.81786 2.59061 2.13612 1.86342
internal_count=100 76 24 13 8 11 7 70 68 65 62 57 47 41
is_linear=0
shrinkage=0.08


Tree=20
num_leaves=15
num_cat=0
split_feature=1 4 7 0 1 1 3 9 5 7 2 0 2 2
split_gain=2.95452 2.9844 0.459951 1.44605 8.12853e-05 5.09314e-05 3.94314e-05 2.86728e-05 1.2248e-07 3.91049e-09 2.71339e-13 4.44089e-16 4.44089e-16 4.44089e-16
threshold=26853.135000000006 1.0000000180025095e-35 0.18615000000000001 34500.000000000007 25805.750000000004 20730.490000000002 0.36140000000000005 28.500000000000004 0.14515000000000003 0.17400000000000002 -2.7244499999999996 219000.00000000003 -0.66489999999999994 -0.73869999999999991
decision_type=2 2 2 2 2 2 2 2 2 2 2 2 2 2
left_child=2 6 3 -1 -5 7 8 -4 9 10 -2 12 13 -12
right_child=1 -3 5 4 -6 -7 -8 -9 -10 -11 11 -13 -14 -15
leaf_value=-0.099302650057658412 0.083686567098821121 -0.093972908488099152 -0.094467700395937854 0.0862233476439037 0.084032200233390281 -0.095072194403455268 0.085234792667844811 -0.093546476855880245 0.083604430212530195 0.083672032492977083 0.083686462076567519 0.08368646204820894 0.08368646226562397 0.083686462048208649
leaf_weight=0.68517675250768684 0.16844598203897643 0.75949108600616444 0.51734697818756081 0.2674466073513031 0.18215380609035492 0.53222322463989258 0.1086798533797263 0.37150822579860687 0.12372920289635647 0.12587644532322873 1.9370798543095613 0.25266259163618077 0.12633128836750884 0.12633129581809033
leaf_count=5 4 6 4 4 4 4 2 3 3 3 46 6 3 3
internal_value=0.00212632 0.0475406 -0.0641266 -0.0261487 0.0853356 -0.0944533 0.0837391 -0.0940827 0.0836823 0.0836858 0.0836865 0.0836865 0.0836865 0.0836865
internal_weight=6.28448 3.72863 2.55586 1.13478 0.4496 1.42108 2.96914 0.888855 2.86046 2.73673 2.61085 2.44241 2.18974 2.06341
internal_count=100 76 24 13 8 11 70 7 68 65 62 58 52 49
is_linear=0
shrinkage=0.08


Tree=21
num_leaves=15
num_cat=0
split_feature=1 4 7 0 1 9 9 3 5 7 2 0 2 2
split_gain=2.69949 2.7368 0.418085 1.31642 6.2928e-05 3.93547e-05 6.17716e-05 3.07267e-05 9.52535e-08 3.03947e-09 2.15827e-13 4.44089e-16 4.44089e-16 4.44089e-16
threshold=26853.135000000006 1.0000000180025095e-35 0.18615000000000001 34500.000000000007 25805.750000000004 21.500000000000004 28.500000000000004 0.36140000000000005 0.14515000000000003 0.17400000000000002 -2.7244499999999996 40000.000000000007 -0.66489999999999994 -0.90244999999999986
decision_type=2 2 2 2 2 2 2 2 2 2 2 2 2 2
left_child=2 7 3 -1 -5 -4 -7 8 9 10 -2 -12 13 -13
right_child=1 -3 5 4 -6 6 -8 -9 -10 -11 11 12 -14 -15
leaf_value=-0.097580228297536459 0.083390608891710391 -0.092719642516559425 -0.092561986054396361 0.085709349501343596 0.08370730052203372 -0.094226962889656263 -0.092863493258311308 0.08480970931055587 0.08331534273202322 0.083377293350254539 0.083390511493715971 0.083390511525308589 0.083390511709596965 0.08339051149371636
leaf_weight=0.64320384711027168 0.1560246720910089 0.71018680930137623 0.46908470988273598 0.24830459803342819 0.16877527162432671 0.38450060784816742 0.47581648081541061 0.10080653056502331 0.11459664627909649 0.11659267172217358 0.23403107374906618 1.599212322384121 0.11701552942395022 0.31204143166542042
leaf_count=5 4 6 4 4 4 3 4 2 3 3 6 41 3 8
internal_value=0.00212734 0.0472865 -0.0632677 -0.025799 0.0848992 -0.0931515 -0.0934729 0.0834388 0.0833867 0.0833899 0.0833905 0.0833905 0.0833905 0.0833905
internal_weight=5.85019 3.46051 2.38969 1.06028 0.41708 1.3294 0.860317 2.75032 2.64951 2.53492 2.41833 2.2623 2.02827 1.91125
internal_count=100 76 24 13 8 11 7 70 68 65 62 58 52 49
is_linear=0
shrinkage=0.08


Tree=22
num_leaves=15
num_cat=0
split_feature=1 4 7 0 1 9 9 7 5 6 7 2 2 2
split_gain=2.46868 2.51124 0.380601 1.19988 4.87804e-05 2.97732e-05 4.65201e-05 2.40087e-05 7.40305e-08 2.92693e-09 1.64313e-13 1.33227e-15 4.44089e-16 2.22045e-16
threshold=26853.135000000006 1.0000000180025095e-35 0.18615000000000001 34500.000000000007 25805.750000000004 21.500000000000004 28.500000000000004 0.18615000000000001 0.14515000000000003 0.031400000000000004 0.14165000000000003 -2.6088499999999994 -0.81674999999999986 -1.0886999999999998
decision_type=2 2 2 2 2 2 2 2 2 2 2 2 2 2
left_child=2 7 3 -1 -5 -4 -7 8 9 -2 11 -11 13 -13
right_child=1 -3 5 4 -6 6 -8 -9 -10 10 -12 12 -14 -15
leaf_value=-0.096031761223282677 0.083105768724599544 -0.091593308220582162 -0.091451485609145844 0.085240486312957581 0.083409676995423898 -0.092947690777768599 -0.091723868082615137 0.084421750896874162 0.083050321803832289 0.083119243638822324 0.083119330514498574 0.08311925140738588 0.083119251407386824 0.083119251407385839
leaf_weight=0.60293330997228656 0.10792007669806647 0.66331681609153736 0.43806270509958245 0.23042348027229309 0.15633253380656242 0.35962369292974472 0.44446779787540436 0.093510761857032665 0.10610989108681668 0.14447618275881002 0.18059975281357754 1.3364048972725884 0.21671430766582189 0.36119051277637471
leaf_count=5 3 6 4 4 4 3 4 2 3 4 5 37 6 10
internal_value=0.00212797 0.0470545 -0.0624935 -0.0254824 0.0845004 -0.0919821 -0.0922712 0.0831636 0.0831157 0.0831186 0.0831193 0.0831193 0.0831193 0.0831193
internal_weight=5.44209 3.21024 2.23184 0.989689 0.386756 1.24215 0.804091 2.54693 2.45342 2.34731 2.23939 2.05879 1.91431 1.6976
internal_count=100 76 24 13 8 11 7 70 68 65 62 57 53 47
is_linear=0
shrinkage=0.08


Tree=23
num_leaves=14
num_cat=0
split_feature=1 4 7 0 1 9 9 3 5 7 2 2 2
split_gain=2.25944 2.3055 0.346943 1.09486 3.78585e-05 2.26041e-05 3.51698e-05 1.87365e-05 5.76677e-08 2.28102e-09 1.62093e-13 4.44089e-16 2.22045e-16
threshold=26853.135000000006 1.0000000180025095e-35 0.18615000000000001 34500.000000000007 25805.750000000004 21.500000000000004 28.500000000000004 0.36140000000000005 0.14515000000000003 0.17400000000000002 -2.7244499999999996 -0.81674999999999986 -1.1466999999999998
decision_type=2 2 2 2 2 2 2 2 2 2 2 2 2
left_child=2 7 3 -1 -5 -4 -7 8 9 10 -2 12 -12
right_child=1 -3 5 4 -6 6 -8 -9 -10 -11 11 -13 -14
leaf_value=-0.09463614527074253 0.082870553306566661 -0.09057861168127318 -0.090450745518568645 0.084812378849182912 0.083136881925761769 -0.091798532145501391 -0.090697311519680107 0.084065656632949792 0.082807232053390467 0.082858092293336613 0.082870462253286453 0.082870462311856991 0.082870462220486996
leaf_weight=0.56444924324750934 0.13375673443079161 0.6188974231481551 0.4086739048361776 0.21373766660690308 0.1447674036026001 0.33596008270978928 0.41474943608045578 0.086672194302081951 0.098227638751268276 0.099908277392387279 1.304086521267892 0.23406680673360702 0.40125739574432384
leaf_count=5 4 6 4 4 4 3 4 2 3 3 39 7 12
internal_value=0.00212829 0.0468424 -0.0617942 -0.0251954 0.0841358 -0.0909295 -0.0911901 0.0829112 0.0828672 0.0828699 0.0828705 0.0828705 0.0828705
internal_weight=5.05921 2.97687 2.08234 0.922954 0.358505 1.15938 0.75071 2.35798 2.2713 2.17308 2.07317 1.93941 1.70534
internal_count=100 76 24 13 8 11 7 70 68 65 62 58 51
is_linear=0
shrinkage=0.08


Tree=24
num_leaves=13
num_cat=0
split_feature=1 4 7 0 1 2 7 1 5 6 7 0
split_gain=2.06945 2.11764 0.316639 1.00003 2.94144e-05 1.74117e-05 1.46575e-05 1.08765e-05 4.48826e-08 2.11966e-09 1.54099e-13 1.11022e-16
threshold=26853.135000000006 -1.0000000180025095e-35 0.18615000000000001 34500.000000000007 25805.750000000004 -0.81674999999999986 0.18615000000000001 15206.585000000001 0.14515000000000003 0.031400000000000004 0.14165000000000003 102000.00000000001
decision_type=2 2 2 2 2 2 2 2 2 2 2 2
left_child=2 6 3 -1 -5 7 8 -4 9 -2 -11 -3
right_child=1 11 5 4 -6 -7 -8 -9 -10 10 -12 -13
leaf_value=-0.093375466586621339 0.082629776753729178 -0.089662531473449061 -0.090017822991898783 0.084421130915513148 0.082886689766993746 -0.090322638042057743 0.083740136938786042 -0.089322263748295438 0.082584142158305202 0.082642172867403871 0.082642256104595968 -0.089662531473449172
leaf_weight=0.52779918909072865 0.092435216531158715 0.28845642507076297 0.29549426585435867 0.19818193465471268 0.13402415253221989 0.50516277551650979 0.080342007800936588 0.28042245656251907 0.090910535305738338 1.7640972323715685 0.15474997088313092 0.28845642507076263
leaf_count=5 3 3 3 4 4 5 2 3 3 57 5 3
internal_value=0.00212837 0.0466484 -0.0611613 -0.0249347 0.0838021 -0.0899798 0.0826797 -0.0896791 0.0826391 0.0826416 0.0826422 -0.0896625
internal_weight=4.70053 2.75945 1.94108 0.860005 0.332206 1.08108 2.18253 0.575917 2.10219 2.01128 1.91885 0.576913
internal_count=100 76 24 13 8 11 70 6 68 65 62 6
is_linear=0
shrinkage=0.08


Tree=25
num_leaves=14
num_cat=0
split_feature=1 4 7 0 1 9 9 7 5 6 7 4 6
split_gain=1.8967 1.94593 0.289292 0.914234 2.28765e-05 1.34254e-05 2.05702e-05 1.14528e-05 3.50204e-08 1.65442e-09 1.23457e-13 4.44089e-16 2.22045e-16
threshold=26853.135000000006 -1.0000000180025095e-35 0.18615000000000001 34500.000000000007 25805.750000000004 21.500000000000004 28.500000000000004 0.18615000000000001 0.14515000000000003 0.031400000000000004 0.14165000000000003 -2.4333999999999993 0.035450000000000002
decision_type=2 2 2 2 2 2 2 2 2 2 2 2 2
left_child=2 7 3 -1 -5 -4 -7 8 9 -2 11 -11 -13
right_child=1 -3 5 4 -6 6 -8 -9 -10 10 -12 12 -14
leaf_value=-0.092234396899489451 0.082421212858963935 -0.08883386885682594 -0.088725236175796793 0.08406327108660655 0.082657110669419456 -0.089835227307759821 -0.088932049399443255 0.083441033769609374 0.082379308971997883 0.082432597576535746 0.082432674929522373 0.082432596552643386 0.082432597492953286
leaf_weight=0.49300114065408696 0.085535608232021665 0.5373225957155231 0.35459896177053429 0.18369210511445999 0.12404955178499222 0.29242677986621857 0.36015547066926956 0.074420068413019069 0.0841211937367915 0.11455712467432011 0.14320067316293705 0.11455711163580407 1.4033247642219064
leaf_count=5 3 6 4 4 4 3 4 2 3 4 5 4 49
internal_value=0.00212828 0.0464708 -0.0605876 -0.0246975 0.0834965 -0.0891215 -0.0893368 0.0824671 0.0824298 0.0824321 0.0824326 0.0824326 0.0824326
internal_weight=4.36496 2.55704 1.80792 0.800743 0.307742 1.00718 0.652582 2.01972 1.9453 1.86118 1.77564 1.63244 1.51788
internal_count=100 76 24 13 8 11 7 70 68 65 62 57 53
is_linear=0
shrinkage=0.08


Tree=26
num_leaves=15
num_cat=0
split_feature=1 4 7 0 1 9 9 3 5 7 2 0 0 0
split_gain=1.73942 1.78885 0.264557 0.836481 1.78081e-05 1.028e-05 1.56992e-05 8.96585e-06 2.73035e-08 1.46631e-09 1.79412e-13 4.44089e-16 2.22045e-16 5.55112e-17
threshold=26853.135000000006 1.0000000180025095e-35 0.18615000000000001 34500.000000000007 25805.750000000004 21.500000000000004 28.500000000000004 0.36140000000000005 0.14515000000000003 0.17400000000000002 -2.7244499999999996 63500.000000000007 73500.000000000015 38500.000000000007
decision_type=2 2 2 2 2 2 2 2 2 2 2 2 2 2
left_child=2 7 3 -1 -5 -4 -7 8 9 10 -2 13 -13 -12
right_child=1 -3 5 4 -6 6 -8 -9 -10 -11 11 12 -14 -15
leaf_value=-0.091199744919541581 0.082240217967791629 -0.088082971402907259 -0.08798447202760111 0.083735716974689386 0.082446353768432998 -0.088990240920738789 -0.088172571388665147 0.083167154217689276 0.082191160767059263 0.08222896668010328 0.082240110180875431 0.082240110180876971 0.082240110234868033 0.082240110259613655
leaf_weight=0.46004945039749123 0.10599162429571096 0.50006711483001698 0.3299795463681221 0.17020553350448608 0.11479300633072853 0.27240243554115295 0.33521220833063126 0.06893867440521706 0.077824190258979686 0.079112242907285579 0.079490259289742293 0.21197402477264382 0.9273863360285759 0.31796102598309517
leaf_count=5 4 6 4 4 4 3 4 2 3 3 3 8 35 12
internal_value=0.00212805 0.0463081 -0.0600666 -0.0244814 0.0832164 -0.0883439 -0.0885391 0.0822718 0.0822375 0.0822396 0.0822401 0.0822401 0.0822401 0.0822401
internal_weight=4.05139 2.36875 1.68264 0.745048 0.284999 0.937594 0.607615 1.86868 1.79974 1.72192 1.6428 1.53681 1.13936 0.397451
internal_count=100 76 24 13 8 11 7 70 68 65 62 58 43 15
is_linear=0
shrinkage=0.08


Tree=27
num_leaves=12
num_cat=0
split_feature=1 4 7 0 1 2 7 1 5 6 7
split_gain=1.59605 1.64503 0.242144 0.765909 1.38741e-05 7.96684e-06 7.01287e-06 4.97148e-06 2.13328e-08 1.14708e-09 9.08162e-14
threshold=26853.135000000006 1.0000000180025095e-35 0.18615000000000001 34500.000000000007 25805.750000000004 -0.81674999999999986 0.18615000000000001 15206.585000000001 0.14515000000000003 0.031400000000000004 0.14165000000000003
decision_type=2 2 2 2 2 2 2 2 2 2 2
left_child=2 6 3 -1 -5 7 8 -4 9 -2 -11
right_child=1 -3 5 4 -6 -7 -8 -9 -10 10 -12
leaf_value=-0.09026006751782821 0.082053010817616415 -0.087401453145156807 -0.087666671281477634 0.083435683226852991 0.082252784750232594 -0.087896470285427825 0.082915373862185948 -0.087142836114338748 0.082018270599808665 0.08206325928421139 0.082063331066130146
leaf_weight=0.42891984060406707 0.073179848492145871 0.46507282555103291 0.23840679973363876 0.15766153484582901 0.10620654933154583 0.4080381840467453 0.063824094831943401 0.2257450670003891 0.071986068040132412 1.3970789927989242 0.12255498766899098
leaf_count=5 3 6 3 4 4 5 2 3 3 57 5
internal_value=0.00212772 0.046159 -0.0595928 -0.0242844 0.0829596 -0.0876386 0.0820924 -0.0874119 0.0820609 0.0820628 0.0820633
internal_weight=3.75867 2.1937 1.56498 0.692788 0.263868 0.87219 1.72862 0.464152 1.6648 1.59281 1.51963
internal_count=100 76 24 13 8 11 70 6 68 65 62
is_linear=0
shrinkage=0.08


Tree=28
num_leaves=13
num_cat=0
split_feature=1 4 7 0 1 9 9 3 5 7 2 0
split_gain=1.46523 1.51326 0.221801 0.701763 1.08175e-05 6.16555e-06 9.30447e-06 5.49461e-06 1.66498e-08 1.00022e-09 1.36335e-13 2.22045e-16
threshold=26853.135000000006 -1.0000000180025095e-35 0.18615000000000001 34500.000000000007 25805.750000000004 21.500000000000004 28.500000000000004 0.36140000000000005 0.14515000000000003 0.17400000000000002 -2.7244499999999996 104000.00000000001
decision_type=2 2 2 2 2 2 2 2 2 2 2 2
left_child=2 7 3 -1 -5 -4 -7 8 9 10 -2 -12
right_child=1 -3 5 4 -6 6 -8 -9 -10 -11 11 -13
leaf_value=-0.089405430609212466 0.081900799030072649 -0.086782023739432598 -0.086698327139343431 0.083160692567552347 0.082074931761031866 -0.087533364716594314 -0.086856687200581414 0.082684559865928375 0.081859345630942257 0.081890746215357524 0.081900697718813087 0.081900697653436924
leaf_weight=0.39957330375909828 0.090679664164781459 0.43225573003292073 0.28510086238384247 0.14600164443254471 0.09824482724070549 0.23591844737529755 0.28980123251676559 0.059093207120895275 0.066575292497873195 0.067662874236702808 0.97475890070199989 0.3400321863591671
leaf_count=5 4 6 4 4 4 3 4 2 3 3 43 15
internal_value=0.00212733 0.0460223 -0.0591615 -0.0241046 0.082724 -0.0869979 -0.0871603 0.0819275 0.0818985 0.0819002 0.0819007 0.0819007
internal_weight=3.4857 2.03106 1.45464 0.64382 0.244246 0.810821 0.52572 1.5988 1.53971 1.47313 1.40547 1.31479
internal_count=100 76 24 13 8 11 7 70 68 65 62 58
is_linear=0
shrinkage=0.08


Tree=29
num_leaves=15
num_cat=0
split_feature=1 4 7 0 1 1 3 9 5 7 2 0 0 0
split_gain=1.34574 1.39245 0.203306 0.643385 8.4404e-06 4.75934e-06 4.30142e-06 2.77888e-06 1.30218e-08 7.83252e-10 8.85958e-14 2.22045e-16 5.55112e-17 5.55112e-17
threshold=26853.135000000006 -1.0000000180025095e-35 0.18615000000000001 34500.000000000007 25805.750000000004 20730.490000000002 0.36140000000000005 28.500000000000004 0.14515000000000003 0.17400000000000002 -2.7244499999999996 93000.000000000015 102000.00000000001 219000.00000000003
decision_type=2 2 2 2 2 2 2 2 2 2 2 2 2 2
left_child=2 6 3 -1 -5 7 8 -4 9 10 -2 -12 -3 -13
right_child=1 12 5 4 -6 -7 -8 -9 -10 -11 11 13 -14 -15
leaf_value=-0.088627124230061818 0.081751325513462078 -0.086218284354989724 -0.086422983174703746 0.08290851453259529 0.081911455402719172 -0.086673823772301442 0.082472213168466729 -0.086028266235583128 0.081713209557558258 0.081742082289849777 0.081751240479740431 0.081751240421387539 -0.086218284354989669 0.081751240421387192
leaf_weight=0.37195971980690978 0.083854716271161478 0.2007625177502631 0.27436341345310211 0.13516978919506073 0.090865058824419975 0.28347945958375931 0.054684655740857013 0.19548214226961136 0.06156218796968449 0.062569689005613216 0.83850619383156322 0.25155186653137207 0.20076251775026321 0.12577593326568604
leaf_count=5 4 3 4 4 4 4 2 3 3 3 40 12 3 6
internal_value=0.00212688 0.0458968 -0.0587682 -0.0239402 0.0825077 -0.0864149 0.0817759 -0.0862588 0.0817492 0.0817508 0.0817512 0.0817512 -0.0862183 0.0817512
internal_weight=3.23135 1.88003 1.35132 0.597995 0.226035 0.753325 1.47851 0.469846 1.42382 1.36226 1.29969 1.21583 0.401525 0.377328
internal_count=100 76 24 13 8 11 70 7 68 65 62 58 6 18
is_linear=0
shrinkage=0.08


Tree=30
num_leaves=13
num_cat=0
split_feature=1 4 7 0 1 9 9 7 5 6 7 2
split_gain=1.23651 1.28163 0.18647 0.590194 6.58984e-06 3.72416e-06 5.54228e-06 3.37194e-06 1.01771e-08 6.64376e-10 6.9722e-14 2.22045e-16
threshold=26853.135000000006 -1.0000000180025095e-35 0.18615000000000001 34500.000000000007 25805.750000000004 21.500000000000004 28.500000000000004 0.18615000000000001 0.14515000000000003 0.031400000000000004 0.14165000000000003 -0.73869999999999991
decision_type=2 2 2 2 2 2 2 2 2 2 2 2
left_child=2 7 3 -1 -5 -4 -7 8 9 -2 11 -11
right_child=1 -3 5 4 -6 6 -8 -9 -10 10 -12 -13
leaf_value=-0.087917497432393688 0.08160499524446635 -0.085704609400547846 -0.085633235000474553 0.082677125262865178 0.08176114573373916 -0.086329557248840186 -0.085767459837602922 0.082277322164026875 0.081578786484225202 0.081613767496944808 0.081613838245510981 0.081613767449225563
leaf_weight=0.34602056443691276 0.057839330285787471 0.37278534471988667 0.24576679617166519 0.12511246651411057 0.084026964381337166 0.20378407835960388 0.24997933208942413 0.050607509911060222 0.056918902322649845 1.0078765600919717 0.096915269270539173 0.096911210566759443
leaf_count=5 3 6 4 4 4 3 4 2 3 52 5 5
internal_value=0.00212641 0.0457816 -0.0584094 -0.0237899 0.0823091 -0.0858841 -0.0860199 0.0816365 0.0816119 0.0816134 0.0816138 0.0816138
internal_weight=2.99454 1.73985 1.25469 0.55516 0.209139 0.69953 0.453763 1.36707 1.31646 1.25954 1.2017 1.10479
internal_count=100 76 24 13 8 11 7 70 68 65 62 57
is_linear=0
shrinkage=0.08


Tree=31
num_leaves=13
num_cat=0
split_feature=1 4 7 0 1 9 9 7 5 6 7 0
split_gain=1.13658 1.17991 0.171125 0.541677 5.14803e-06 2.87923e-06 4.2754e-06 2.6417e-06 7.96486e-09 5.19965e-10 5.81757e-14 5.55112e-17
threshold=26853.135000000006 1.0000000180025095e-35 0.18615000000000001 34500.000000000007 25805.750000000004 21.500000000000004 28.500000000000004 0.18615000000000001 0.14515000000000003 0.031400000000000004 0.14165000000000003 102000.00000000001
decision_type=2 2 2 2 2 2 2 2 2 2 2 2
left_child=2 7 3 -1 -5 -4 -7 8 9 -2 -11 -3
right_child=1 11 5 4 -6 6 -8 -9 -10 10 -12 -13
leaf_value=-0.08726980684023794 0.081479216990689787 -0.085236064457786198 -0.085170934931801806 0.082464712731473377 0.081622902223716973 -0.08580606931216489 -0.085293666728923176 0.082097950505396311 0.081455102356728579 0.081487288075342182 0.081487355335050096 -0.085236064457786156
leaf_weight=0.32169124856591247 0.053471505641937145 0.17296944558620442 0.22805264964699745 0.11577877029776573 0.077692706137895584 0.18921733647584915 0.23198965564370155 0.0468145441263913 0.052619313821196445 1.0213663186877964 0.089597299695014843 0.17296944558620453
leaf_count=5 3 3 4 4 4 3 4 2 3 57 5 3
internal_value=0.00212592 0.0456758 -0.0580816 -0.0236523 0.0821267 -0.0853999 -0.0855239 0.0815082 0.0814855 0.0814869 0.0814873 -0.0852361
internal_weight=2.77423 1.60981 1.16442 0.515163 0.193471 0.64926 0.421207 1.26387 1.21705 1.16444 1.11096 0.345939
internal_count=100 76 24 13 8 11 7 70 68 65 62 6
is_linear=0
shrinkage=0.08


Tree=32
num_leaves=14
num_cat=0
split_feature=1 4 7 0 1 2 3 1 5 7 2 0 0
split_gain=1.04508 1.08651 0.157122 0.497382 4.02394e-06 2.23028e-06 2.07209e-06 1.40318e-06 6.23218e-09 4.38852e-10 6.72795e-14 1.11022e-16 1.11022e-16
threshold=26853.135000000006 1.0000000180025095e-35 0.18615000000000001 34500.000000000007 25805.750000000004 -0.81674999999999986 0.36140000000000005 15206.585000000001 0.14515000000000003 0.17400000000000002 -2.7244499999999996 259000.00000000003 219000.00000000003
decision_type=2 2 2 2 2 2 2 2 2 2 2 2 2
left_child=2 6 3 -1 -5 7 8 -4 9 10 -2 12 -12
right_child=1 -3 5 4 -6 -7 -8 -9 -10 -11 11 -13 -14
leaf_value=-0.086678078805374814 0.081370985570170196 -0.084808252851545252 -0.084976171591686481 0.082269636259760873 0.081495711446035138 -0.085121924239948243 0.081933197855579037 -0.084641066892187547 0.081341277112518318 0.081363189527099991 0.08137090230968004 0.081370902265208669 0.081370902265208669
leaf_weight=0.29890314489603065 0.066258803009986433 0.32088719308376301 0.16467101871967316 0.10712040960788727 0.071826793253421783 0.28218474611639977 0.043308455497026332 0.1554771363735199 0.04863896220922459 0.049417754635214695 0.86131501384079479 0.049691252410411835 0.049691252410411835
leaf_count=5 4 6 3 4 4 5 2 3 3 3 52 3 3
internal_value=0.00212542 0.0455786 -0.0577819 -0.0235262 0.081959 -0.084958 0.0813902 -0.0848134 0.0813693 0.0813706 0.0813709 0.0813709 0.0813709
internal_weight=2.56939 1.48921 1.08018 0.47785 0.178947 0.602333 1.16832 0.320148 1.12501 1.07637 1.02696 0.960698 0.911006
internal_count=100 76 24 13 8 11 70 6 68 65 62 58 55
is_linear=0
shrinkage=0.08


Tree=33
num_leaves=15
num_cat=0
split_feature=1 4 7 0 1 9 9 3 5 7 2 0 0 0
split_gain=0.961259 1.0007 0.144331 0.456904 3.1468e-06 1.746e-06 2.57248e-06 1.62431e-06 4.88224e-09 3.43727e-10 5.15143e-14 2.22045e-16 1.11022e-16 1.11022e-16
threshold=26853.135000000006 -1.0000000180025095e-35 0.18615000000000001 34500.000000000007 25805.750000000004 21.500000000000004 28.500000000000004 0.36140000000000005 0.14515000000000003 0.17400000000000002 -2.7244499999999996 43500.000000000007 219000.00000000003 126000.00000000001
decision_type=2 2 2 2 2 2 2 2 2 2 2 2 2 2
left_child=2 7 3 -1 -5 -4 -7 8 9 10 -2 -12 13 -13
right_child=1 -3 5 4 -6 6 -8 -9 -10 -11 11 12 -14 -15
leaf_value=-0.086137003811810567 0.08126384533992892 -0.084417282700223903 -0.084361925009528882 0.082090402780327629 0.081378668575618138 -0.084894107219463388 -0.084465682581697121 0.081781478293779311 0.081236495170595405 0.081256669455253672 0.08126376944755706 0.081263769505216341 0.081263769447556838 0.081263769447556394
leaf_weight=0.277585029602051 0.061241952702402846 0.29753228276967991 0.19608058407902718 0.099091734737157822 0.066395984031260014 0.16294102370738983 0.19954853877425194 0.040049899369478115 0.044954984448850155 0.045675712637603283 0.12247687578201294 0.61238435097038746 0.091857656836509705 0.06123843789100647
leaf_count=5 4 6 4 4 4 3 4 2 3 3 8 40 6 4
internal_value=0.00212492 0.0454892 -0.0575076 -0.0234107 0.0818048 -0.0845542 -0.0846583 0.0812815 0.0812623 0.0812634 0.0812638 0.0812638 0.0812638 0.0812638
internal_weight=2.37906 1.37741 1.00164 0.443073 0.165488 0.55857 0.36249 1.07988 1.03983 0.994875 0.949199 0.887957 0.76548 0.673623
internal_count=100 76 24 13 8 11 7 70 68 65 62 58 50 44
is_linear=0
shrinkage=0.08


Tree=34
num_leaves=12
num_cat=0
split_feature=1 4 7 0 1 9 9 7 5 6 7
split_gain=0.884414 0.921841 0.132638 0.419885 2.46206e-06 1.35519e-06 1.99323e-06 1.27455e-06 3.82393e-09 2.84727e-10 3.05311e-14
threshold=26853.135000000006 1.0000000180025095e-35 0.18615000000000001 34500.000000000007 25805.750000000004 21.500000000000004 28.500000000000004 0.18615000000000001 0.14515000000000003 0.031400000000000004 0.14165000000000003
decision_type=2 2 2 2 2 2 2 2 2 2 2
left_child=2 7 3 -1 -5 -4 -7 8 9 -2 -11
right_child=1 -3 5 4 -6 6 -8 -9 -10 10 -12
leaf_value=-0.085641854301808845 0.081158412188463147 -0.084059695144036994 -0.084009045177819597 0.081925669596465966 0.081270925675176436 -0.084495782764613211 -0.084104123691282423 0.081642010393305126 0.081140017504262418 0.081165134745319292 0.081165189562941525
leaf_weight=0.25766447558999095 0.042206284590065257 0.27577777951955795 0.18173458054661751 0.091649662703275681 0.061369173228740692 0.151093740016222 0.18496619910001755 0.037037817761301994 0.041546021588146687 0.80649461597204208 0.070748538710176945
leaf_count=5 3 6 4 4 4 3 4 2 3 57 5
internal_value=0.00212444 0.0454071 -0.0572565 -0.0233048 0.0816631 -0.084185 -0.0842802 0.0811815 0.0811638 0.0811648 0.0811651
internal_weight=2.20229 1.27381 0.928478 0.410683 0.153019 0.517795 0.33606 0.998033 0.960995 0.919449 0.877243
internal_count=100 76 24 13 8 11 7 70 68 65 62
is_linear=0
shrinkage=0.08


Tree=35
num_leaves=15
num_cat=0
split_feature=1 4 7 0 1 9 9 3 5 7 2 0 0 0
split_gain=0.813928 0.849338 0.121937 0.386003 1.92713e-06 1.05299e-06 1.54632e-06 9.99655e-07 2.99624e-09 2.23087e-10 3.58602e-14 1.11022e-16 1.11022e-16 1.11022e-16
threshold=26853.135000000006 1.0000000180025095e-35 0.18615000000000001 34500.000000000007 25805.750000000004 21.500000000000004 28.500000000000004 0.36140000000000005 0.14515000000000003 0.17400000000000002 -2.7244499999999996 259000.00000000003 43500.000000000007 79000.000000000015
decision_type=2 2 2 2 2 2 2 2 2 2 2 2 2 2
left_child=2 7 3 -1 -5 -4 -7 8 9 10 -2 12 -12 -14
right_child=1 -3 5 4 -6 6 -8 -9 -10 -11 11 -13 13 -15
leaf_value=-0.085188405199094319 0.081074368466366009 -0.08373239031290701 -0.083686017055768419 0.081774208060407055 0.08117172900570363 -0.084131525419292127 -0.083773193651205793 0.081513537512668266 0.081051171774336045 0.081068110242338384 0.081074299948480297 0.081074299948478756 0.081074299982914599 0.081074299999494046
leaf_weight=0.23906885087490115 0.052304139360785595 0.25552962720394135 0.1683833934366703 0.084753643721342087 0.056717309169471264 0.14005642011761665 0.17139239236712456 0.034241990186274052 0.038392146117985249 0.03900283295661211 0.10460191220045056 0.039225717075169086 0.26150477211922407 0.35303143691271544
leaf_count=5 4 6 4 4 4 3 4 2 3 3 8 3 20 27
internal_value=0.00212396 0.0453315 -0.0570265 -0.0232075 0.0815327 -0.0838472 -0.0839343 0.0810894 0.081073 0.081074 0.0810743 0.0810743 0.0810743 0.0810743
internal_weight=2.03821 1.17783 0.860372 0.38054 0.141471 0.479832 0.311449 0.922305 0.888063 0.849671 0.810668 0.758364 0.719138 0.614536
internal_count=100 76 24 13 8 11 7 70 68 65 62 58 55 47
is_linear=0
shrinkage=0.08


Tree=36
num_leaves=13
num_cat=0
split_feature=1 4 7 0 1 2 7 1 5 6 7 0
split_gain=0.749242 0.782659 0.112139 0.354973 1.50901e-06 8.2263e-07 7.84716e-07 5.16752e-07 2.34768e-09 1.83776e-10 2.4869e-14 1.11022e-16
threshold=26853.135000000006 1.0000000180025095e-35 0.18615000000000001 34500.000000000007 25805.750000000004 -0.81674999999999986 0.18615000000000001 15206.585000000001 0.14515000000000003 0.031400000000000004 0.14165000000000003 259000.00000000003
decision_type=2 2 2 2 2 2 2 2 2 2 2 2
left_child=2 6 3 -1 -5 7 8 -4 9 -2 11 -11
right_child=1 -3 5 4 -6 -7 -8 -9 -10 10 -12 -13
leaf_value=-0.084772874020762196 0.080984794867482904 -0.083432595202552487 -0.083550478113092727 0.081634908077515625 0.081080381987967284 -0.083653643638720854 0.081395367623537176 -0.083313668000668417 0.080969335345367557 0.080990639486179003 0.080990693017636034 0.080990639715624854
leaf_weight=0.22172610834240924 0.036034427583217399 0.23669672012329102 0.12152715772390366 0.07836555689573288 0.052413267083466053 0.20841318741440773 0.031658493913710117 0.11457433924078941 0.035474784672260284 0.64034225046634674 0.060412699356675148 0.048327705822885036
leaf_count=5 3 6 3 4 4 5 2 3 3 53 5 4
internal_value=0.00212349 0.045262 -0.0568155 -0.0231183 0.0814127 -0.0835378 0.0810045 -0.0834356 0.0809895 0.0809904 0.0809906 0.0809906
internal_weight=1.88597 1.08895 0.79702 0.352505 0.130779 0.444515 0.85225 0.236101 0.820592 0.785117 0.749083 0.68867
internal_count=100 76 24 13 8 11 70 6 68 65 62 57
is_linear=0
shrinkage=0.08


Tree=37
num_leaves=12
num_cat=0
split_feature=1 4 7 0 1 9 9 7 5 6 7
split_gain=0.689851 0.721316 0.103161 0.326536 1.18202e-06 6.42294e-07 9.37874e-07 6.15753e-07 1.84061e-09 1.4377e-10 1.9984e-14
threshold=26853.135000000006 1.0000000180025095e-35 0.18615000000000001 34500.000000000007 25805.750000000004 21.500000000000004 28.500000000000004 0.18615000000000001 0.14515000000000003 0.031400000000000004 0.14165000000000003
decision_type=2 2 2 2 2 2 2 2 2 2 2
left_child=2 7 3 -1 -5 -4 -7 8 9 -2 -11
right_child=1 -3 5 4 -6 6 -8 -9 -10 10 -12
leaf_value=-0.08439185970485974 0.08090818963426348 -0.083157823999288255 -0.083118384648704413 0.081506754196922201 0.080996250808361897 -0.083493492500483074 -0.083192256952175164 0.081286480220522664 0.080893943210483404 0.080913567600042077 0.080913617471535193
leaf_weight=0.20556550659239303 0.03329418785870053 0.21919121593236923 0.14440540596842766 0.072449654340744019 0.048431763425469398 0.12024373561143875 0.14703004062175751 0.02926203329116106 0.032776636071503162 0.63630345370620489 0.055818917229771614
leaf_count=5 3 6 4 4 4 3 4 2 3 57 5
internal_value=0.00212305 0.045198 -0.056622 -0.0230363 0.0813022 -0.0832543 -0.0833278 0.0809264 0.0809125 0.0809133 0.0809136
internal_weight=1.74477 1.00665 0.738126 0.326447 0.120881 0.411679 0.267274 0.787455 0.758193 0.725417 0.692122
internal_count=100 76 24 13 8 11 7 70 68 65 62
is_linear=0
shrinkage=0.08


Tree=38
num_leaves=13
num_cat=0
split_feature=1 4 7 0 1 2 3 1 5 7 2 7
split_gain=0.635299 0.664868 0.0949282 0.30046 9.2618e-07 5.00642e-07 4.83476e-07 3.14623e-07 1.44442e-09 1.17712e-10 1.78746e-14 1.11022e-16
threshold=26853.135000000006 1.0000000180025095e-35 0.18615000000000001 34500.000000000007 25805.750000000004 -0.81674999999999986 0.36140000000000005 15206.585000000001 0.14515000000000003 0.17400000000000002 -2.7244499999999996 0.14165000000000003
decision_type=2 2 2 2 2 2 2 2 2 2 2 2
left_child=2 6 3 -1 -5 7 8 -4 9 10 -2 -12
right_child=1 -3 5 4 -6 -7 -8 -9 -10 -11 11 -13
leaf_value=-0.084042304804108542 0.080842619331355614 -0.082905844536704465 -0.083005050635944641 0.081388821398151706 0.08091874803300092 -0.083091952624354787 0.081186261908838347 -0.082805481544084736 0.08082447342149203 0.080837501690403823 0.080842565318605841 0.080842558703257558
leaf_weight=0.19051806628704071 0.041257284581661224 0.20292898267507553 0.10421017184853554 0.066972434520721436 0.044749235734343529 0.17876211926341057 0.027047738432884216 0.098197359591722488 0.03028159961104393 0.030756557360291481 0.56724986061453819 0.030940879136323929
leaf_count=5 4 6 3 4 4 5 2 3 3 3 55 3
internal_value=0.00212262 0.0451391 -0.0564444 -0.022961 0.0812005 -0.0829944 0.0808544 -0.0829082 0.0808416 0.0808423 0.0808426 0.0808426
internal_weight=1.61387 0.930463 0.683409 0.30224 0.111722 0.38117 0.727534 0.202408 0.700486 0.670205 0.639448 0.598191
internal_count=100 76 24 13 8 11 70 6 68 65 62 58
is_linear=0
shrinkage=0.08


Tree=39
num_leaves=12
num_cat=0
split_feature=1 4 7 0 1 9 9 3 5 7 2
split_gain=0.58517 0.612909 0.0873755 0.276538 7.25966e-07 3.92649e-07 5.70616e-07 3.79521e-07 1.13261e-09 9.22394e-11 1.60982e-14
threshold=26853.135000000006 1.0000000180025095e-35 0.18615000000000001 34500.000000000007 25805.750000000004 21.500000000000004 28.500000000000004 0.36140000000000005 0.14515000000000003 0.17400000000000002 -2.7244499999999996
decision_type=2 2 2 2 2 2 2 2 2 2 2
left_child=2 7 3 -1 -5 -4 -7 8 9 10 -2
right_child=1 -3 5 4 -6 6 -8 -9 -10 -11 -12
leaf_value=-0.08372145122741495 0.080777181268924941 -0.082674655539364497 -0.082641099816499461 0.081280272109456306 0.080847333682744577 -0.082957519964426588 -0.082703749305764213 0.081093897623760999 0.080760460147233232 0.080772464583597978 0.080777127544284705
leaf_weight=0.1765169482678175 0.038114875555038452 0.18782962113618851 0.12372032552957535 0.061902562156319618 0.041343758814036846 0.10311503708362579 0.12600122019648552 0.024995495565235615 0.027974697761237621 0.02841381449252367 0.55262883380055428
leaf_count=5 4 6 4 4 4 3 4 2 3 3 58
internal_value=0.00212222 0.0450849 -0.0562814 -0.0228917 0.0811069 -0.0827559 -0.082818 0.080788 0.0807762 0.0807769 0.0807771
internal_weight=1.49256 0.859957 0.6326 0.279763 0.103246 0.352837 0.229116 0.672128 0.647132 0.619158 0.590744
internal_count=100 76 24 13 8 11 7 70 68 65 62
is_linear=0
shrinkage=0.08


end of trees

feature_importances:
disposable_income=98
monthly_salary=92
medical_spend_ratio=81
balance_volatility=46
essential_spend_ratio=42
account_vintage_months=41
savings_ratio=40
dti_ratio=17
discretionary_spend_ratio=16

parameters:
[boosting: gbdt]
[objective: binary]
[metric: binary_logloss]
[tree_learner: serial]
[device_type: cpu]
[data_sample_strategy: bagging]
[data: ]
[valid: ]
[num_iterations: 40]
[learning_rate: 0.08]
[num_leaves: 15]
[num_threads: 0]
[seed: 42]
[deterministic: 0]
[force_col_wise: 0]
[force_row_wise: 0]
[histogram_pool_size: -1]
[max_depth: -1]
[min_data_in_leaf: 3]
[min_sum_hessian_in_leaf: 0.001]
[bagging_fraction: 1]
[pos_bagging_fraction: 1]
[neg_bagging_fraction: 1]
[bagging_freq: 0]
[bagging_seed: 400]
[bagging_by_query: 0]
[feature_fraction: 1]
[feature_fraction_bynode: 1]
[feature_fraction_seed: 30056]
[extra_trees: 0]
[extra_seed: 12879]
[early_stopping_round: 0]
[early_stopping_min_delta: 0]
[first_metric_only: 0]
[max_delta_step: 0]
[lambda_l1: 0]
[lambda_l2: 0]
[linear_lambda: 0]
[min_gain_to_split: 0]
[drop_rate: 0.1]
[max_drop: 50]
[skip_drop: 0.5]
[xgboost_dart_mode: 0]
[uniform_drop: 0]
[drop_seed: 17869]
[top_rate: 0.2]
[other_rate: 0.1]
[min_data_per_group: 100]
[max_cat_threshold: 32]
[cat_l2: 10]
[cat_smooth: 10]
[max_cat_to_onehot: 4]
[top_k: 20]
[monotone_constraints: ]
[monotone_constraints_method: basic]
[monotone_penalty: 0]
[feature_contri: ]
[forcedsplits_filename: ]
[refit_decay_rate: 0.9]
[cegb_tradeoff: 1]
[cegb_penalty_split: 0]
[cegb_penalty_feature_lazy: ]
[cegb_penalty_feature_coupled: ]
[path_smooth: 0]
[interaction_constraints: ]
[verbosity: -1]
[saved_feature_importance_type: 0]
[use_quantized_grad: 0]
[num_grad_quant_bins: 4]
[quant_train_renew_leaf: 0]
[stochastic_rounding: 1]
[linear_tree: 0]
[max_bin: 255]
[max_bin_by_feature: ]
[min_data_in_bin: 3]
[bin_construct_sample_cnt: 200000]
[data_random_seed: 175]
[is_enable_sparse: 1]
[enable_bundle: 1]
[use_missing: 1]
[zero_as_missing: 0]
[feature_pre_filter: 1]
[pre_partition: 0]
[two_round: 0]
[header: 0]
[label_column: ]
[weight_column: ]
[group_column: ]
[ignore_column: ]
[categorical_feature: ]
[forcedbins_filename: ]
[precise_float_parser: 0]
[parser_config_file: ]
[objective_seed: 16083]
[num_class: 1]
[is_unbalance: 0]
[scale_pos_weight: 1]
[sigmoid: 1]
[boost_from_average: 1]
[reg_sqrt: 0]
[alpha: 0.9]
[fair_c: 1]
[poisson_max_delta_step: 0.7]
[tweedie_variance_power: 1.5]
[lambdarank_truncation_level: 30]
[lambdarank_norm: 1]
[label_gain: ]
[lambdarank_position_bias_regularization: 0]
[eval_at: ]
[multi_error_top_k: 1]
[auc_mu_weights: ]
[num_machines: 1]
[local_listen_port: 12400]
[time_out: 120]
[machine_list_filename: ]
[machines: ]
[gpu_platform_id: -1]
[gpu_device_id: -1]
[gpu_device_id_list: ]
[gpu_use_dp: 0]
[num_gpu: 1]

end of parameters

pandas_categorical:[]
