tree
version=v4
num_class=1
num_tree_per_iteration=1
label_index=0
max_feature_idx=9
objective=binary sigmoid:1
feature_names=monthly_salary disposable_income savings_ratio dti_ratio balance_volatility essential_spend_ratio discretionary_spend_ratio medical_spend_ratio salary_growth_rate account_vintage_months
feature_infos=[26000:349000] [11765.27:310290.64000000001] [-3.5794000000000001:-0.18820000000000001] [0:0.63859999999999995] [-18.709900000000001:8.7969000000000008] [0.0184:0.27839999999999998] [0.015299999999999999:0.22620000000000001] [0.0089999999999999993:0.5827] none [3:119]
tree_sizes=1323 1706 1595 1594 1500 1600 1703 1715 1712 1708 1699 1703 1705 1711 1709 1713 1713 1703 1718 1715 1726 1718 1726 1717 1734 1723 1720 1727 1730 1729 1733 1737 1739 1731 1731 1733 1742 1737 1740 1747

Tree=0
num_leaves=12
num_cat=0
split_feature=7 9 0 2 5 0 1 0 0 2 2
split_gain=13.3895 33.011 6.47076 6.0062 3.08563 1.94562 1.77636e-15 8.88178e-16 4.44089e-16 4.44089e-16 4.44089e-16
threshold=0.08160000000000002 21.500000000000004 67500.000000000015 -0.66489999999999994 0.021450000000000004 43500.000000000007 50286.540000000008 34500.000000000007 126000.00000000001 -1.0724499999999997 -1.0886999999999998
decision_type=2 2 2 2 2 2 2 2 2 2 2
left_child=1 5 -3 4 -4 -1 7 -2 9 10 -6
right_child=6 2 3 -5 8 -7 -8 -9 -10 -11 -12
leaf_value=1.3634684050839905 2.1806287339628034 1.7720485695233972 1.9082419576698664 1.8537646024112784 2.1806287339628034 1.6358551813769289 2.1806287339628034 2.1806287339628039 2.1806287339628034 2.1806287339628034 2.1806287339628034
leaf_weight=0.39160001277923573 0.58740001916885365 0.39160001277923573 0.29370000958442721 0.48950001597404513 1.1748000383377077 0.29370000958442688 0.88110002875328053 3.6223001182079315 1.0769000351428983 0.29370000958442677 0.29370000958442677
leaf_count=4 6 4 3 5 12 3 9 37 11 3 3
internal_value=2.09074 1.99336 2.08098 2.11437 2.15509 1.48021 2.18063 2.18063 2.18063 2.18063 2.18063
internal_weight=9.79 4.6992 4.0139 3.6223 3.1328 0.6853 5.0908 4.2097 2.8391 1.7622 1.4685
internal_count=100 48 41 37 32 7 52 43 29 18 15
is_linear=0
shrinkage=1


Tree=1
num_leaves=15
num_cat=0
split_feature=7 9 7 9 3 2 2 4 1 2 4 0 0 0
split_gain=10.9625 15.7933 5.72093 3.94619 6.90859 2.33386 1.45721 0.000445999 9.85757e-05 0.000107472 2.96874e-05 8.88178e-16 8.88178e-16 2.22045e-16
threshold=0.08160000000000002 21.500000000000004 0.075100000000000014 39.500000000000007 0.20905000000000004 -1.2659499999999999 -1.8118499999999997 -0.9212499999999999 70821.390000000014 -2.4172499999999997 -0.86029999999999995 88500.000000000015 67500.000000000015 79000.000000000015
decision_type=2 2 2 2 2 2 2 2 2 2 2 2 2 2
left_child=1 6 3 4 -3 -6 -1 -7 13 10 -10 12 -2 -5
right_child=11 2 -4 8 5 7 -8 -9 9 -11 -12 -13 -14 -15
leaf_value=-0.24817744293071603 0.089037638828446342 -0.40747609303403975 -0.28631205002879173 0.089037638828446064 -0.17005785504788495 0.089037638828446078 -0.4375225595175482 0.093080906676339156 0.090117049814406353 0.091305317716761578 0.08903763882844612 0.089037638828446217 0.089037638828446258 0.089037638828446258
leaf_weight=0.46083666384220123 3.3744221106171608 0.32078181207180057 0.42367022484540928 0.36480239033699058 0.30658041685819615 0.27360179275274266 0.59728777408599831 0.48253805935382843 0.29489260166883469 0.32078181207180012 0.36480239033699036 0.54720358550548542 0.82080537825822819 0.91200597584247589
leaf_count=3 37 3 4 4 3 3 4 4 3 3 4 6 9 10
internal_value=0.00139022 -0.0797528 -0.00808083 0.0242963 -0.0820898 0.016128 -0.355059 0.0916179 0.0895009 0.0901042 0.0895202 0.0890376 0.0890376 0.0890376
internal_weight=9.86501 5.12258 4.06446 3.64079 1.3835 1.06272 1.05812 0.75614 2.25729 0.980477 0.659695 4.74243 4.19523 1.27681
internal_count=100 48 41 37 13 10 7 7 24 10 7 52 46 14
is_linear=0
shrinkage=0.08


Tree=2
num_leaves=14
num_cat=0
split_feature=7 0 7 1 9 2 3 4 2 0 3 1 0
split_gain=9.29634 10.6651 4.51701 8.91694 7.10143 2.26324 1.91479 0.000432285 0.000342915 0.000126365 2.85451e-10 8.88178e-16 2.22045e-16
threshold=0.08160000000000002 67500.000000000015 0.053950000000000005 61603.145000000011 61.000000000000007 -1.2129499999999998 0.10650000000000003 -1.1140999999999999 -0.61959999999999982 259000.00000000003 0.10650000000000003 18126.810000000001 107500.00000000001
decision_type=2 2 2 2 2 2 2 2 2 2 2 2 2
left_child=1 5 8 7 -5 6 -1 -4 9 10 -3 -2 -12
right_child=11 2 3 4 -6 -7 -8 -9 -10 -11 12 -13 -14
leaf_value=-0.1849917084055441 0.088267729409826481 0.088264757755002102 0.088267729409826412 -0.4130564010854193 0.088264757755002074 -0.08230750689935365 -0.38761593456973698 0.091885802688411039 0.091424655554846815 0.090094173633039884 0.088267729409826579 0.088267729409826648 0.088267729409826468
leaf_weight=0.54903544485568978 0.4244655743241309 0.25460489839315403 0.33957245945930481 0.62417887151241302 0.25460489839315414 0.43547862768173207 0.65406520664691925 0.55969635397195794 0.32804051786661181 0.29489141702651966 0.6791449189186094 3.9899763986468315 0.42446557432413101
leaf_count=3 5 3 4 4 3 3 4 5 3 3 8 47 5
internal_value=0.00216203 -0.0682574 0.00598474 -0.0865818 -0.267812 -0.238582 -0.295148 0.0905196 0.0890619 0.0885931 0.0882672 0.0882677 0.0882677
internal_weight=9.81222 5.39778 3.7592 1.77805 0.878784 1.63858 1.2031 0.899269 1.98115 1.65311 1.35822 4.41444 1.10361
internal_count=100 48 38 16 7 10 7 9 22 19 16 52 13
is_linear=0
shrinkage=0.08


Tree=3
num_leaves=14
num_cat=0
split_feature=7 0 7 1 9 5 2 4 2 0 7 1 0
split_gain=8.02808 7.65271 3.84399 6.4621 4.28508 1.42792 1.01078 0.000329849 0.000261695 9.69296e-05 2.2134e-10 9.10383e-15 8.88178e-16
threshold=0.08160000000000002 67500.000000000015 0.053950000000000005 61603.145000000011 61.000000000000007 0.12305000000000002 -1.8118499999999997 -1.1140999999999999 -0.61959999999999982 259000.00000000003 0.043800000000000006 124052.35500000003 102000.00000000001
decision_type=2 2 2 2 2 2 2 2 2 2 2 2 2
left_child=1 5 8 7 -5 6 -1 -4 9 10 11 -3 -2
right_child=12 2 3 4 -6 -7 -8 -9 -10 -11 -12 -13 -14
leaf_value=-0.15469578490141617 0.087569233364636165 0.087569233364636095 0.087569233364635943 -0.30100110436981015 0.087566542109403414 -0.070398763230640829 -0.29230961008597772 0.090844111420256793 0.090426486076402746 0.089226688425288567 0.087566524286063027 0.087569251178257451 0.087569233364635846
leaf_weight=0.60011105239391316 3.8693244680762291 0.78965805470943429 0.31586322188377369 0.77943137288093545 0.23682751506567001 0.45949919521808613 0.79297161102294911 0.52234695106744766 0.3060255125164989 0.27475755661725987 0.23682712763547886 0.23689780384302139 0.23689741641283024
leaf_count=3 49 10 4 4 3 3 4 5 3 3 3 3 3
internal_value=0.00276103 -0.0599714 0.00650561 -0.0748244 -0.21045 -0.192691 -0.233028 0.08961 0.08829 0.0878649 0.0875687 0.0875692 0.0875692
internal_weight=9.65744 5.55122 3.69864 1.85447 1.01626 1.85258 1.39308 0.83821 1.84417 1.53814 1.26338 1.02656 4.10622
internal_count=100 48 38 16 7 10 7 9 22 19 16 13 52
is_linear=0
shrinkage=0.08


Tree=4
num_leaves=13
num_cat=0
split_feature=7 0 7 1 2 3 4 4 2 5 9 7
split_gain=7.05374 5.80578 3.35337 5.06702 1.22211 0.87836 0.611949 0.000252357 0.000200232 7.45125e-05 1.71441e-10 1.08802e-14
threshold=0.08160000000000002 67500.000000000015 0.053950000000000005 61603.145000000011 -1.2129499999999998 0.10650000000000003 -0.84819999999999995 -1.1140999999999999 -0.61959999999999982 0.024300000000000006 76.000000000000014 0.034850000000000006
decision_type=2 2 2 2 2 2 2 2 2 2 2 2
left_child=1 4 8 7 5 -1 -5 -4 9 -3 11 -11
right_child=-2 2 3 6 -6 -7 -8 -9 -10 10 -12 -13
leaf_value=-0.12824391561129236 0.086934594309408322 0.08844090903755307 0.086934594309408073 -0.096027169073433005 -0.053574365754240988 -0.2515032576207904 -0.22131304244792571 0.089903906686153723 0.089525022964912312 0.086934594309408239 0.086932123348639825 0.086934612793648766
leaf_weight=0.64591757953166984 3.8170637488365173 0.25579466670751561 0.29362028837203968 0.38264108449220657 0.49089816212654103 0.86621366441249847 0.71714859455823876 0.48702352494001389 0.28522546589374576 0.66064564883708932 0.22014917433261871 0.29362079501152039
leaf_count=3 52 3 4 3 3 4 4 5 3 9 3 4
internal_value=0.00307477 -0.0540969 0.00670412 -0.0670841 -0.163248 -0.198852 -0.177723 0.0887871 0.0875896 0.0872036 0.0869341 0.0869346
internal_weight=9.41596 5.5989 3.59587 1.88043 2.00303 1.51213 1.09979 0.780644 1.71544 1.43021 1.17442 0.954266
internal_count=100 48 38 16 10 7 7 9 22 19 16 13
is_linear=0
shrinkage=0.08


Tree=5
num_leaves=14
num_cat=0
split_feature=7 9 7 9 5 1 0 5 2 9 4 0 0
split_gain=6.24541 4.84085 2.1174 2.23877 2.40833 0.683702 0.573117 8.42586e-05 5.25479e-05 1.32417e-10 4.21885e-15 8.88178e-16 4.44089e-16
threshold=0.08160000000000002 21.500000000000004 0.075100000000000014 39.500000000000007 0.12305000000000002 64837.625000000007 43500.000000000007 0.024300000000000006 -0.73869999999999991 76.000000000000014 -0.6590499999999998 88500.000000000015 73500.000000000015
decision_type=2 2 2 2 2 2 2 2 2 2 2 2 2
left_child=1 6 3 4 5 -3 -1 -5 9 10 -9 12 -2
right_child=11 2 -4 7 -6 -7 -8 8 -10 -11 -12 -13 -14
leaf_value=-0.20569009703732388 0.086357206957107649 -0.04988337341509224 -0.13474587834033475 0.087908670800304414 0.092212232737629102 -0.17827537435513033 -0.10945435230715417 0.086357206957107593 0.087672541892762676 0.086354951780163017 0.086357220077680902 0.086357206957107524 0.086357206957107566
leaf_weight=0.94800963997840859 2.659644529223443 0.52819410711526937 0.64273884892463673 0.40549200028181065 0.54705464094877232 0.53360432386398315 0.68023125827312469 0.68196013569831837 0.23633980751037587 0.20452623814344406 0.2045883685350417 0.40917608141899098 0.47737209498882283
leaf_count=4 39 5 4 5 5 3 3 10 3 3 3 6 7
internal_value=0.00324704 -0.0492629 -0.00176921 0.0238069 -0.0441504 -0.114406 -0.165486 0.0868994 0.0865911 0.0863568 0.0863572 0.0863572 0.0863572
internal_weight=9.15893 5.61274 3.9845 3.34176 1.60885 1.0618 1.62824 1.73291 1.32741 1.09107 0.886549 3.54619 3.13702
internal_count=100 48 41 37 13 8 7 24 19 16 13 52 46
is_linear=0
shrinkage=0.08


Tree=6
num_leaves=15
num_cat=0
split_feature=7 9 7 3 6 2 2 5 9 1 7 3 0 1
split_gain=5.56419 3.90684 1.7168 2.42222 2.25604 1.38314 0.516955 0.00142194 0.000192805 6.20708e-05 5.8049e-05 2.56451e-05 1.49154e-10 4.44089e-16
threshold=0.08160000000000002 21.500000000000004 0.075100000000000014 0.36140000000000005 0.13460000000000003 -2.7244499999999996 -1.8118499999999997 0.13940000000000002 39.500000000000007 67625.315000000017 0.053950000000000005 0.12020000000000002 107500.00000000001 45251.335000000006
decision_type=2 2 2 2 2 2 2 2 2 2 2 2 2 2
left_child=1 6 3 4 5 -3 -1 8 10 12 -7 -11 -10 -2
right_child=13 2 -4 -5 -6 7 -8 -9 9 11 -12 -13 -14 -15
leaf_value=-0.094769824461734806 0.085831254671106957 -0.065795999268358718 -0.11699302676936958 -0.22881518315731275 -0.19157190701023324 0.087260653032343996 -0.18476099676153326 0.092425221920940479 0.085831255181456484 0.086340431028982409 0.088874253029377639 0.087408698187173339 0.085828698939750953 0.08583125467110693
leaf_weight=0.70042771100997925 2.279624462127686 0.44945378601551134 0.67934696376323689 0.22738800942897786 0.24320986866950978 0.30362247675657394 0.98034408688545205 0.33418525755405415 0.63322916626930215 0.26871002465486526 0.26919273287057877 0.30944735556840897 0.18989676982164383 1.0131664276123045
leaf_count=3 36 4 4 1 1 4 4 3 10 4 3 4 3 16
internal_value=0.00333811 -0.0452679 -0.00139955 0.0229251 0.042 0.0625991 -0.147259 0.0875993 0.0867824 0.0862769 0.088019 0.0869122 0.0858307 0.0858313
internal_weight=8.88125 5.58845 3.90768 3.22834 3.00095 2.75774 1.68077 2.30828 1.9741 1.40128 0.572815 0.578157 0.823126 3.29279
internal_count=100 48 41 37 36 35 7 31 28 21 7 8 13 52
is_linear=0
shrinkage=0.08


Tree=7
num_leaves=15
num_cat=0
split_feature=7 0 7 1 1 4 3 4 4 2 4 4 7 4
split_gain=4.98217 3.26404 2.37067 3.38416 0.753246 1.04741 0.706597 0.467582 0.000499736 6.27991e-05 2.09954e-05 1.02785e-05 9.11625e-06 1.92674e-06
threshold=0.08160000000000002 67500.000000000015 0.053950000000000005 61603.145000000011 26853.135000000006 -0.79209999999999992 0.10650000000000003 -0.84819999999999995 -1.0837499999999998 -0.61959999999999982 -0.87944999999999984 -1.0602499999999997 0.040650000000000006 -0.6590499999999998
decision_type=2 2 2 2 2 2 2 2 2 2 2 2 2 2
left_child=1 4 9 8 -1 -6 -5 -8 -4 10 11 -3 -13 -12
right_child=-2 2 3 6 5 -7 7 -9 -10 -11 13 12 -14 -15
leaf_value=-0.18415194009284566 0.085351622926732151 0.085627350128383919 0.085992412999677886 0.088463217085385029 -0.14093260983057762 -0.0023767370319208274 -0.077639073379272519 -0.18635089759618254 0.090263924842350282 0.087276828032853387 0.085350730818222489 0.086624155492327923 0.085907514949099803 0.085669781321481425
leaf_weight=0.73324260115623507 3.0560144782066345 0.18352194875478733 0.31640464812517155 0.086516708135604747 0.8592633828520776 0.58820920437574353 0.38668307662010182 0.73358897864818562 0.39303180575370789 0.2292701750993732 0.35256562009453773 0.27973169088363647 0.19129021838307381 0.18454809114336956
leaf_count=3 52 3 5 1 4 3 3 3 4 3 6 4 3 3
internal_value=0.00340739 -0.0419766 0.00776202 -0.0503011 -0.118092 -0.0846277 -0.131815 -0.148827 0.0883589 0.0860643 0.085831 0.0861352 0.0863331 0.0854604
internal_weight=8.57388 5.51787 3.33715 1.91623 2.18072 1.44747 1.20679 1.12027 0.709436 1.42093 1.19166 0.654544 0.471022 0.537114
internal_count=100 48 38 16 10 7 7 6 9 22 19 10 7 9
is_linear=0
shrinkage=0.08


Tree=8
num_leaves=15
num_cat=0
split_feature=7 9 9 7 3 3 2 5 7 9 7 3 4 4
split_gain=4.47807 2.82803 1.37461 1.23796 1.74335 2.3015 0.466506 0.00144674 0.000326291 9.56661e-05 3.385e-05 1.31453e-05 9.22328e-06 4.48716e-09
threshold=0.08160000000000002 21.500000000000004 58.500000000000007 0.075100000000000014 0.19615000000000002 0.36140000000000005 -1.8118499999999997 0.13940000000000002 0.064700000000000021 39.500000000000007 0.053950000000000005 0.099800000000000014 -0.84309999999999985 -0.87944999999999984
decision_type=2 2 2 2 2 2 2 2 2 2 2 2 2 2
left_child=1 6 3 4 -3 7 -1 9 11 10 -6 -4 -11 -13
right_child=-2 2 8 -5 5 -7 -8 -9 -10 12 -12 13 -14 -15
leaf_value=-0.074823392199899766 0.084913804955097871 -0.11209454607590585 0.085726940685253328 -0.12921074413777675 0.086103512444555982 -0.17846863422613513 -0.15937532452616615 0.092119785788538397 0.08833399847385387 0.084910406349897397 0.08742895008471116 0.08489525854865225 0.085622993002905337 0.084912805135893207
leaf_weight=0.71742209792137146 2.8350103497505188 0.629361651837827 0.18518122658133496 0.60059314221143711 0.26212669909000375 0.24732276797294606 0.99940504133701302 0.31924064457416523 0.33160214126110077 0.32691656053066287 0.23286709934473038 0.16300942376255989 0.18039702624082532 0.21803844720125198
leaf_count=3 52 4 3 3 4 1 4 3 4 6 3 3 3 4
internal_value=0.00346037 -0.0391963 0.000208778 -0.0274215 0.000389004 0.0455124 -0.124043 0.0874297 0.0863411 0.0859358 0.0867271 0.085174 0.0851638 0.0849053
internal_weight=8.24849 5.41348 3.69666 2.79883 2.19823 1.56887 1.71683 1.32155 0.897831 1.00231 0.494994 0.566229 0.507314 0.381048
internal_count=100 48 41 27 24 20 7 19 14 16 7 10 9 7
is_linear=0
shrinkage=0.08


Tree=9
num_leaves=15
num_cat=0
split_feature=7 0 3 7 1 4 2 2 9 1 9 3 4 0
split_gain=4.03783 2.43974 2.02833 1.42537 1.82788 1.39357 0.0187821 0.000311983 3.59524e-05 4.8557e-05 2.05047e-05 1.01898e-05 3.4775e-09 4.44089e-16
threshold=0.08160000000000002 43500.000000000007 0.35250000000000009 0.053950000000000005 64837.625000000007 -1.2487999999999999 -1.8354499999999998 -1.0886999999999998 58.500000000000007 67625.315000000017 39.500000000000007 0.099800000000000014 -0.87944999999999984 82500.000000000015
decision_type=2 2 2 2 2 2 2 2 2 2 2 2 2 2
left_child=1 -1 3 8 5 -5 -7 -8 9 10 -3 -10 -13 -2
right_child=13 2 -4 4 -6 6 7 -9 11 -11 -12 12 -14 -15
leaf_value=-0.15000155771908927 0.084513779020025076 0.085600319960685733 -0.11976710105266873 -0.091479121194545293 -0.10465266546138211 0.11379276603742064 0.086989618596547288 0.090737750406709047 0.085257039259226841 0.08645699939762444 0.084510043679456651 0.08449682484641724 0.084512865828453188 0.084513779020024965
leaf_weight=0.99036933481693257 2.1233645305037503 0.24333791807293914 0.87017032504081715 0.35098934918642055 0.95895085483789433 0.29653340578079235 0.26883127540349971 0.30156116187572468 0.1718476265668869 0.27541317790746689 0.20207563042640686 0.15115734189748764 0.20218858495354652 0.50556298345327366
leaf_count=4 42 4 4 3 6 2 4 3 3 4 4 3 4 10
internal_value=0.00349611 -0.0368167 -0.0107059 0.0170197 -0.0220377 0.0430109 0.0974615 0.0889712 0.0852552 0.085622 0.0851057 0.0847517 0.084506 0.0845138
internal_weight=7.91235 5.28343 4.29306 3.42289 2.17687 1.21792 0.866926 0.570392 1.24602 0.720827 0.445414 0.525194 0.353346 2.62893
internal_count=100 48 44 40 18 12 9 7 22 12 8 10 7 52
is_linear=0
shrinkage=0.08


Tree=10
num_leaves=15
num_cat=0
split_feature=7 9 0 7 5 5 1 7 6 3 5 7 9 3
split_gain=3.64661 2.16998 1.36278 1.25647 1.18995 1.33046 2.32868 0.534882 0.0248823 0.000838578 0.000397092 0.000359971 1.10944e-05 7.90826e-06
threshold=0.08160000000000002 58.500000000000007 43500.000000000007 0.077300000000000021 0.12305000000000002 0.1203 61603.145000000011 0.06235000000000001 0.10615000000000001 0.31505000000000005 0.11405000000000001 0.064700000000000021 39.500000000000007 0.099800000000000014
decision_type=2 2 2 2 2 2 2 2 2 2 2 2 2 2
left_child=1 2 -1 4 5 6 8 -8 10 -6 12 13 -4 -3
right_child=-2 11 3 -5 9 -7 7 -9 -10 -11 -12 -13 -14 -15
leaf_value=-0.14033898447113641 0.084147978000868179 0.084827914369254687 0.08516831167189913 -0.15040197953439591 0.085496689713364341 -0.15424501715987413 -0.029477860625326507 -0.14766400864640997 0.11770948467360866 0.091521659240145964 0.089242107006562321 0.087815488036746756 0.084324121707659114 0.084140865260068337
leaf_weight=0.97447772324085224 2.4369264096021652 0.15940519049763668 0.16933070123195759 0.49674993753433216 0.29478730633854855 0.4992707073688506 0.48510345444083214 0.49531687796115875 0.21772971749305725 0.29660783708095551 0.17274260520935059 0.32134285569190979 0.24205786362290382 0.32753731682896614
leaf_count=4 52 3 3 2 5 2 5 2 1 3 2 4 5 7
internal_value=0.00351411 -0.0346228 -0.0570172 -0.0329215 -0.0126084 -0.0388212 -0.00648753 -0.0891865 0.094627 0.0885184 0.0860232 0.0857372 0.0846716 0.0843658
internal_weight=7.58939 5.15246 4.34417 3.3697 2.87295 2.28155 1.78228 0.98042 0.801861 0.591395 0.584131 0.808285 0.411389 0.486943
internal_count=100 48 34 30 28 20 18 7 11 8 10 14 8 10
is_linear=0
shrinkage=0.08


Tree=11
num_leaves=15
num_cat=0
split_feature=7 9 0 0 3 7 1 9 4 7 1 9 2 3
split_gain=3.30993 1.93218 1.17924 1.09201 1.22716 1.48021 1.54958 1.44097 0.000368509 0.00027816 4.83865e-05 2.11929e-05 1.76411e-05 6.14444e-06
threshold=0.08160000000000002 58.500000000000007 43500.000000000007 58000.000000000007 0.35250000000000009 0.053950000000000005 64837.625000000007 55.000000000000007 -0.86029999999999995 0.064700000000000021 70821.390000000014 42.500000000000007 -0.85984999999999989 0.099800000000000014
decision_type=2 2 2 2 2 2 2 2 2 2 2 2 2 2
left_child=1 2 -1 -4 5 10 7 8 11 13 12 -7 -5 -3
right_child=-2 9 3 4 -6 6 -8 -9 -10 -11 -12 -13 -14 -15
leaf_value=-0.13250975291690711 0.083813220179193099 0.084435687552146657 0.10608630675475636 0.084040683653263407 -0.13692594551161391 0.085398655829036094 -0.1431825202980074 -0.14463318524884575 0.088905350904484898 0.087159574439964554 0.086046186787801363 0.08407197747542601 0.085043236528686381 0.083806704024192977
leaf_weight=0.95044794678688038 2.2581862658262253 0.14780527353286732 0.33276902884244952 0.22796106711030006 0.727427378296852 0.17556966841220911 0.7392527312040329 0.24717789888381958 0.25683101266622466 0.29877813160419464 0.19408781453967094 0.13734599202871323 0.22144941240549165 0.3035115972161293
leaf_count=4 52 3 2 5 3 3 3 1 3 4 3 3 4 7
internal_value=0.00352501 -0.0330255 -0.0540999 -0.0312388 -0.0468506 -0.0170629 -0.0592633 0.016677 0.0866596 0.0852662 0.0849906 0.0848163 0.0845347 0.0840127
internal_weight=7.2186 4.96041 4.21032 3.25987 2.9271 2.19968 1.55618 0.816925 0.569747 0.750095 0.643498 0.312916 0.44941 0.451317
internal_count=100 48 34 30 28 25 13 10 9 14 12 6 9 10
is_linear=0
shrinkage=0.08


Tree=12
num_leaves=15
num_cat=0
split_feature=7 9 0 0 3 7 1 9 4 7 1 9 2 3
split_gain=3.01441 1.73487 1.02319 0.975364 1.05926 1.33108 1.3326 1.27978 0.000284684 0.00021526 3.74806e-05 1.64389e-05 1.36907e-05 4.77886e-06
threshold=0.08160000000000002 58.500000000000007 43500.000000000007 58000.000000000007 0.35250000000000009 0.053950000000000005 64837.625000000007 55.000000000000007 -0.86029999999999995 0.064700000000000021 70821.390000000014 42.500000000000007 -0.85984999999999989 0.099800000000000014
decision_type=2 2 2 2 2 2 2 2 2 2 2 2 2 2
left_child=1 2 -1 -4 5 10 7 8 11 13 12 -7 -5 -3
right_child=-2 9 3 4 -6 6 -8 -9 -10 -11 -12 -13 -14 -15
leaf_value=-0.12605114450337601 0.083506645073115268 0.084076895736520024 0.10358868161494084 0.083715097935115279 -0.1296584929912861 0.084957375550005654 -0.13476029666140116 -0.13592965068092744 0.088153658656440967 0.086562924089267052 0.085548341369900624 0.083743850491586794 0.084632413574522461 0.083500679169972752
leaf_weight=0.92043074965476979 2.0919105261564255 0.13700003549456585 0.31428531557321582 0.21121973544359207 0.70754279196262349 0.16287878528237398 0.72324889898300171 0.24216072261333466 0.23902404680848044 0.2776305302977562 0.18016581609845161 0.1272629089653492 0.20537551119923669 0.2811616025865078
leaf_count=4 52 3 2 5 3 3 3 1 3 4 3 3 4 7
internal_value=0.00354381 -0.0318255 -0.0519495 -0.0300408 -0.045046 -0.0164198 -0.0567492 0.0163994 0.0861093 0.084836 0.0845843 0.0844251 0.0841673 0.0836895
internal_weight=6.8213 4.72939 4.0336 3.11316 2.79888 2.09134 1.49458 0.771326 0.529166 0.695792 0.596761 0.290142 0.416595 0.418162
internal_count=100 48 34 30 28 25 13 10 9 14 12 6 9 10
is_linear=0
shrinkage=0.08


Tree=13
num_leaves=15
num_cat=0
split_feature=7 9 0 0 3 7 1 9 4 7 1 9 2 3
split_gain=2.74991 1.56323 0.894712 0.874323 0.922312 1.2011 1.15711 1.14316 0.00022026 0.000166809 2.90694e-05 1.27662e-05 1.06365e-05 3.72016e-06
threshold=0.08160000000000002 58.500000000000007 43500.000000000007 58000.000000000007 0.35250000000000009 0.053950000000000005 64837.625000000007 55.000000000000007 -0.86029999999999995 0.064700000000000021 70821.390000000014 42.500000000000007 -0.85984999999999989 0.099800000000000014
decision_type=2 2 2 2 2 2 2 2 2 2 2 2 2 2
left_child=1 2 -1 -4 5 10 7 8 11 13 12 -7 -5 -3
right_child=-2 9 3 4 -6 6 -8 -9 -10 -11 -12 -13 -14 -15
leaf_value=-0.12064498589580783 0.083225709299318856 0.083748443440177317 0.10137257206724337 0.08341685171494552 -0.12363361895039984 0.084554133201937859 -0.12786168372618434 -0.12882122167195703 0.087470581199910066 0.086019523572945109 0.085093975797075602 0.083443274764503958 0.084256777405473576 0.083220243434696875
leaf_weight=0.8861389905214313 1.9373303353786466 0.12694279477000225 0.29620292037725482 0.19564918056130409 0.68363165855407704 0.15104394778609331 0.70214025676250458 0.2353551983833313 0.22229981049895209 0.25783831626176834 0.16716590523719788 0.11788444221019745 0.19039632007479701 0.26038393750786781
leaf_count=4 52 3 2 5 3 3 3 1 3 4 3 3 4 7
internal_value=0.00355478 -0.0307979 -0.0501199 -0.0290193 -0.0435087 -0.0158711 -0.0546242 0.0161496 0.0856074 0.0844429 0.0842127 0.0840672 0.0838311 0.0833934
internal_weight=6.4304 4.49307 3.84791 2.96177 2.66557 1.98194 1.42872 0.726583 0.491228 0.645165 0.553211 0.268928 0.386046 0.387327
internal_count=100 48 34 30 28 25 13 10 9 14 12 6 9 10
is_linear=0
shrinkage=0.08


Tree=14
num_leaves=15
num_cat=0
split_feature=7 9 0 0 3 7 1 9 4 7 1 9 2 3
split_gain=2.51215 1.4127 0.787446 0.786172 0.808866 1.08689 1.01266 1.0258 0.000170651 0.000129423 2.2572e-05 9.92415e-06 8.27207e-06 2.89849e-06
threshold=0.08160000000000002 58.500000000000007 43500.000000000007 58000.000000000007 0.35250000000000009 0.053950000000000005 64837.625000000007 55.000000000000007 -0.86029999999999995 0.064700000000000021 70821.390000000014 42.500000000000007 -0.85984999999999989 0.099800000000000014
decision_type=2 2 2 2 2 2 2 2 2 2 2 2 2 2
left_child=1 2 -1 -4 5 10 7 8 11 13 12 -7 -5 -3
right_child=-2 9 3 4 -6 6 -8 -9 -10 -11 -12 -13 -14 -15
leaf_value=-0.11606493311430592 0.082968120579952523 0.083447564224164897 0.099398710751413738 0.083143477710979158 -0.11857045278395592 0.08418533545173483 -0.12212134556472107 -0.12292025293264933 0.086849030349174738 0.085524061558365241 0.084678908288179269 0.083167773917398213 0.083913052712730724 0.082963102196118466
leaf_weight=0.84893853962421451 1.7937080264091489 0.1175883077085017 0.27863612771034274 0.18117665126919746 0.65688903629779805 0.14001710712909754 0.67734153568744659 0.22725078463554382 0.20661733672022742 0.2393374964594841 0.15503919124603271 0.10916688665747643 0.17644862085580859 0.24107939749956131
leaf_count=4 52 3 2 5 3 3 3 1 3 4 3 3 4 7
internal_value=0.00356034 -0.0299101 -0.048548 -0.02814 -0.0421865 -0.0153983 -0.0528086 0.0159246 0.0851491 0.0840833 0.0838727 0.0837395 0.0835232 0.0831219
internal_weight=6.04924 4.25553 3.65752 2.80858 2.52995 1.87306 1.36039 0.683052 0.455801 0.598005 0.512664 0.249184 0.357625 0.358668
internal_count=100 48 34 30 28 25 13 10 9 14 12 6 9 10
is_linear=0
shrinkage=0.08


Tree=15
num_leaves=15
num_cat=0
split_feature=7 9 0 0 3 7 1 0 4 7 1 9 2 3
split_gain=2.29766 1.27983 0.696837 0.708798 0.713664 0.985866 0.892046 0.923916 0.000132381 0.000100529 1.75453e-05 7.72231e-06 6.43905e-06 2.26005e-06
threshold=0.08160000000000002 58.500000000000007 43500.000000000007 58000.000000000007 0.35250000000000009 0.053950000000000005 64837.625000000007 60500.000000000007 -0.86029999999999995 0.064700000000000021 70821.390000000014 42.500000000000007 -0.85984999999999989 0.099800000000000014
decision_type=2 2 2 2 2 2 2 2 2 2 2 2 2 2
left_child=1 2 -1 -4 5 10 7 -7 11 13 12 -9 -5 -3
right_child=-2 9 3 4 -6 6 -8 8 -10 -11 -12 -13 -14 -15
leaf_value=-0.11214537840426124 0.082731796101637625 0.083171770323174826 0.097634673213149892 0.082892761030290668 -0.11426708804440081 -0.11795585088110905 -0.11728257387375651 0.083847790837940084 0.086282782550035284 0.085071842819347973 0.084299411274333699 0.082915102242773389 0.0835982976384404 0.082727193659026171
leaf_weight=0.80991703271865878 1.6603388637304304 0.1088929995894431 0.26166988164186511 0.16773242503404617 0.62826766073703755 0.2182376831769941 0.64998093247413635 0.12975124642252978 0.19193255528807585 0.22206297516822815 0.14373729005455971 0.10106834769248962 0.16347093507647548 0.22315316647291183
leaf_count=4 52 3 2 5 3 1 3 3 3 4 3 3 4 7
internal_value=0.00356216 -0.0291375 -0.0471867 -0.0273771 -0.0410402 -0.0149879 -0.0512436 0.0157218 0.0847303 0.0837542 0.0835613 0.0834394 0.083241 0.082873
internal_weight=5.68021 4.01988 3.46577 2.65585 2.39418 1.76591 1.29097 0.64099 0.422752 0.554109 0.474941 0.23082 0.331203 0.332046
internal_count=100 48 34 30 28 25 13 10 9 14 12 6 9 10
is_linear=0
shrinkage=0.08


Tree=16
num_leaves=15
num_cat=0
split_feature=7 9 0 0 3 7 1 0 4 7 1 9 2 3
split_gain=2.10361 1.16189 0.619533 0.640531 0.632894 0.896025 0.790112 0.834706 0.000102811 7.81658e-05 1.36512e-05 6.01424e-06 5.01646e-06 1.76344e-06
threshold=0.08160000000000002 58.500000000000007 43500.000000000007 58000.000000000007 0.35250000000000009 0.053950000000000005 64837.625000000007 60500.000000000007 -0.86029999999999995 0.064700000000000021 70821.390000000014 42.500000000000007 -0.85984999999999989 0.099800000000000014
decision_type=2 2 2 2 2 2 2 2 2 2 2 2 2 2
left_child=1 2 -1 -4 5 10 7 -7 11 13 12 -9 -5 -3
right_child=-2 9 3 4 -6 6 -8 8 -10 -11 -12 -13 -14 -15
leaf_value=-0.10876222981610989 0.08251488634699633 0.082918826301941667 0.096053400148297469 0.082662705276296877 -0.11057451072479754 -0.11373270427988008 -0.11315947869525397 0.08353863979630767 0.085766349980517437 0.084658707318732027 0.083952166142793591 0.08268325731203327 0.083309890602529912 0.082510662239249632
leaf_weight=0.76993739604950029 1.5365513339638708 0.10081508569419373 0.24536507576704059 0.15524995885789394 0.59852528572082508 0.20862695574760415 0.62095743417739868 0.12020073086023431 0.17819947376847167 0.20594960823655128 0.13321274146437645 0.09354882687330246 0.15140386298298869 0.20651496760547161
leaf_count=4 52 3 2 5 3 1 3 3 3 4 3 3 4 7
internal_value=0.00356138 -0.0284608 -0.0459994 -0.0267108 -0.0400396 -0.0146291 -0.0498841 0.0155386 0.0843473 0.0834527 0.083276 0.0831643 0.0829822 0.0826446
internal_weight=5.32506 3.78851 3.27523 2.50529 2.25993 1.6614 1.22153 0.600576 0.391949 0.51328 0.439867 0.21375 0.306654 0.30733
internal_count=100 48 34 30 28 25 13 10 9 14 12 6 9 10
is_linear=0
shrinkage=0.08


Tree=17
num_leaves=15
num_cat=0
split_feature=7 9 0 7 5 3 7 1 5 3 7 1 6 3
split_gain=1.92763 1.05672 0.553017 0.495139 0.590284 0.53818 0.520841 0.301201 0.972593 0.000115658 6.08347e-05 5.95755e-05 2.4719e-06 1.37693e-06
threshold=0.08160000000000002 58.500000000000007 43500.000000000007 0.077300000000000021 0.12305000000000002 0.10650000000000003 0.034850000000000006 61603.145000000011 0.1203 0.31505000000000005 0.064700000000000021 50286.540000000008 0.058600000000000006 0.099800000000000014
decision_type=2 2 2 2 2 2 2 2 2 2 2 2 2 2
left_child=1 2 -1 4 5 -4 -7 8 11 -6 13 12 -8 -3
right_child=-2 10 3 -5 9 6 7 -9 -10 -11 -12 -13 -14 -15
leaf_value=-0.1058206035773025 0.082315699760429337 0.082686728066938178 0.095163558545730415 -0.1087671052709962 0.083048155814789276 0.083106890028579933 0.082308880998561776 -0.10781261089401746 -0.11008965524924946 0.0859609629195109 0.084280960181261369 0.085041346632725695 0.082901216083192411 0.082311820620287093
leaf_weight=0.72968022525310594 1.4217085018754003 0.093314670026302227 0.19312565401196513 0.38770608603954304 0.17318067513406266 0.17276697419583786 0.081793520599603431 0.57297484576702118 0.39723189175128937 0.1758124977350235 0.19093288481235504 0.10314128175377846 0.10048068687319756 0.1910791639238596
leaf_count=4 52 3 2 2 5 5 3 3 2 3 4 2 3 7
internal_value=0.00355884 -0.0278648 -0.0449576 -0.0261253 -0.0098652 -0.0301785 -0.0471253 -0.0650446 -0.0291476 0.0845155 0.0831764 0.0835049 0.0826354 0.0824348
internal_weight=4.98493 3.56322 3.08789 2.35821 1.97051 1.62151 1.42839 1.25562 0.682647 0.348993 0.475327 0.285415 0.182274 0.284394
internal_count=100 48 34 30 28 20 18 13 10 8 14 8 6 10
is_linear=0
shrinkage=0.08


Tree=18
num_leaves=15
num_cat=0
split_feature=7 9 0 7 5 3 0 1 0 3 5 7 9 3
split_gain=1.7677 0.962577 0.495354 0.442774 0.539242 0.487785 0.302599 0.824944 0.108936 9.00082e-05 5.24764e-05 4.73873e-05 1.5391e-06 1.07571e-06
threshold=0.08160000000000002 58.500000000000007 43500.000000000007 0.077300000000000021 0.12305000000000002 0.10650000000000003 67500.000000000015 61603.145000000011 126000.00000000001 0.31505000000000005 0.11405000000000001 0.064700000000000021 39.500000000000007 0.099800000000000014
decision_type=2 2 2 2 2 2 2 2 2 2 2 2 2 2
left_child=1 2 -1 4 5 -4 -7 10 -9 -6 12 13 -8 -3
right_child=-2 11 3 -5 9 6 7 8 -10 -11 -12 -13 -14 -15
leaf_value=-0.10324664749251493 0.082132715585241683 0.082473640422447814 0.093845752200627117 -0.10580915942751079 0.082805564390240602 -0.10695292342198835 0.082643367748065591 -0.10403608647413537 -0.038180479310545627 0.085474530743699192 0.084633406264406866 0.083935301778896604 0.082216089193147809 0.082129151396264602
leaf_weight=0.68967776000499803 1.3152075260877607 0.086353817954659351 0.18067836016416583 0.36748820543289173 0.16031523421406735 0.37699924409389474 0.091977262869477272 0.35485158860683441 0.29389849677681923 0.16318140178918839 0.095651663839817047 0.17694959044456482 0.13051446154713631 0.17676468566060066
leaf_count=4 52 3 2 2 5 2 3 2 4 3 2 4 5 7
internal_value=0.00355516 -0.0273377 -0.0440393 -0.0256087 -0.00966088 -0.0295669 -0.046159 -0.0224549 -0.074202 0.0841519 0.0830664 0.082923 0.0823927 0.0822422
internal_weight=4.66051 3.3453 2.90523 2.21556 1.84807 1.52457 1.34389 0.966893 0.64875 0.323497 0.318143 0.440068 0.222492 0.263119
internal_count=100 48 34 30 28 20 18 16 6 8 10 14 8 10
is_linear=0
shrinkage=0.08


Tree=19
num_leaves=15
num_cat=0
split_feature=7 9 0 7 5 3 0 1 0 3 5 7 9 3
split_gain=1.61995 0.874683 0.448645 0.398868 0.490901 0.439386 0.274262 0.737174 0.108407 7.01079e-05 4.09506e-05 3.69413e-05 1.20225e-06 8.40861e-07
threshold=0.08160000000000002 58.500000000000007 43500.000000000007 0.077300000000000021 0.12305000000000002 0.10650000000000003 67500.000000000015 61603.145000000011 126000.00000000001 0.31505000000000005 0.11405000000000001 0.064700000000000021 39.500000000000007 0.099800000000000014
decision_type=2 2 2 2 2 2 2 2 2 2 2 2 2 2
left_child=1 2 -1 4 5 -4 -7 10 -9 -6 12 13 -8 -3
right_child=-2 11 3 -5 9 6 7 8 -10 -11 -12 -13 -14 -15
leaf_value=-0.10098197970143273 0.081964548023487238 0.082277930655489342 0.092653688093721195 -0.10322347092815136 0.082582887003225067 -0.10421903561072023 0.082433827807818313 -0.10166286714721703 -0.03509958183628753 0.085029898697367587 0.08425998407510292 0.083618774219958725 0.082041224977894706 0.081961273984165639
leaf_weight=0.6503413915634163 1.2164793685078619 0.079896531999111065 0.16884519904851947 0.34738051891326893 0.1483724433928727 0.35676532983779885 0.085112772881984711 0.33490020036697388 0.29411144554615021 0.15139105543494225 0.08867301419377327 0.16393823549151421 0.12072639912366867 0.163495022803545
leaf_count=4 52 3 2 2 5 2 3 2 4 3 2 4 5 7
internal_value=0.00353976 -0.0267087 -0.0429328 -0.0249239 -0.0093714 -0.0286484 -0.0446458 -0.0216321 -0.0705394 0.0838187 0.0828227 0.0826905 0.0822036 0.0820652
internal_weight=4.37043 3.15395 2.74662 2.09628 1.7489 1.44913 1.28029 0.923524 0.629012 0.299763 0.294512 0.40733 0.205839 0.243392
internal_count=100 48 34 30 28 20 18 16 6 8 10 14 8 10
is_linear=0
shrinkage=0.08


Tree=20
num_leaves=15
num_cat=0
split_feature=7 9 0 7 0 3 1 9 2 7 0 9 3 4
split_gain=1.48527 0.795559 0.407709 0.373043 0.528013 0.260718 0.430675 0.508885 3.73088e-05 2.88188e-05 1.12228e-05 1.70441e-06 6.57604e-07 2.37082e-10
threshold=0.08160000000000002 58.500000000000007 43500.000000000007 0.034850000000000006 58000.000000000007 0.35250000000000009 64837.625000000007 55.000000000000007 -1.0886999999999998 0.064700000000000021 126000.00000000001 39.500000000000007 0.099800000000000014 -0.87944999999999984
decision_type=2 2 2 2 2 2 2 2 2 2 2 2 2 2
left_child=1 2 -1 10 -5 6 7 8 11 12 -4 -6 -3 -14
right_child=-2 9 3 4 5 -7 -8 -9 -10 -11 -12 -13 13 -15
leaf_value=-0.098979836985811628 0.081809948642563426 0.082098108404911121 0.082126346994869495 0.091142146443332628 0.082397161726293522 -0.0999340927494035 -0.075525998840818467 -0.080969757539932435 0.083828669303641787 0.083328740900032144 0.083389388271425544 0.081896066889028674 0.081803275100214345 0.081809678041075098
leaf_weight=0.61198404431343156 1.1249879226088522 0.073908781632780918 0.074614813551306614 0.18850435316562641 0.084021214395761601 0.47758054733276356 0.60306835547089577 0.19002762623131275 0.16072580404579606 0.15183938667178154 0.11353203840553761 0.089950719848275185 0.064673155546188354 0.086524946615099907
leaf_count=4 52 3 3 2 3 3 6 2 4 4 3 4 3 4
internal_value=0.0035228 -0.0261216 -0.0419025 -0.0242789 -0.0355189 -0.0503915 -0.029412 0.0235869 0.0829499 0.082477 0.0828885 0.0821381 0.0819025 0.0818069
internal_weight=4.09594 2.97096 2.59401 1.98203 1.79388 1.60537 1.12779 0.524725 0.334698 0.376946 0.188147 0.173972 0.225107 0.151198
internal_count=100 48 34 30 24 22 19 13 11 14 6 7 10 7
is_linear=0
shrinkage=0.08


Tree=21
num_leaves=15
num_cat=0
split_feature=7 9 0 7 0 3 1 9 2 7 0 9 3 4
split_gain=1.36114 0.72271 0.373232 0.338222 0.475153 0.241842 0.374876 0.460364 2.91425e-05 2.24973e-05 8.7595e-06 1.33216e-06 5.14538e-07 1.8501e-10
threshold=0.08160000000000002 58.500000000000007 43500.000000000007 0.034850000000000006 58000.000000000007 0.35250000000000009 64837.625000000007 55.000000000000007 -1.0886999999999998 0.064700000000000021 126000.00000000001 39.500000000000007 0.099800000000000014 -0.87944999999999984
decision_type=2 2 2 2 2 2 2 2 2 2 2 2 2 2
left_child=1 2 -1 10 -5 6 7 8 11 12 -4 -6 -3 -14
right_child=-2 9 3 4 5 -7 -8 -9 -10 -11 -12 -13 13 -15
leaf_value=-0.097202265218395589 0.081667772523586535 0.081932822055263532 0.081958807272098103 0.090194404964611397 0.082207641644764518 -0.098041045190939688 -0.071363985774798744 -0.077050224524774169 0.083522516271489738 0.083062822408605796 0.083118793857639192 0.08174701198908052 0.081661636087404885 0.081667518258667762
leaf_weight=0.5748386085033429 1.040229335427284 0.06835845112800587 0.069013237953185924 0.17576520889997471 0.077732902020216099 0.44902440905570973 0.5878286175429821 0.18397419154644012 0.14889036118984189 0.14059591293334961 0.10513060353696346 0.08318023569881916 0.059800192713737488 0.080005982890725136
leaf_count=4 52 3 3 2 3 3 6 2 4 4 3 4 3 4
internal_value=0.00351147 -0.0254816 -0.0407881 -0.0235436 -0.0343819 -0.0486872 -0.0281982 0.0231894 0.0827159 0.082281 0.0826591 0.0819695 0.081753 0.081665
internal_weight=3.84437 2.80414 2.45538 1.88054 1.7064 1.53063 1.08161 0.493778 0.309803 0.348761 0.174144 0.160913 0.208165 0.139806
internal_count=100 48 34 30 24 22 19 13 11 14 6 7 10 7
is_linear=0
shrinkage=0.08


Tree=22
num_leaves=15
num_cat=0
split_feature=7 9 0 3 7 1 0 7 7 7 0 0 9 3
split_gain=1.24765 0.656717 0.342887 0.314925 0.371394 0.24521 0.605923 0.0718218 1.75729e-05 1.41264e-05 6.84109e-06 1.34634e-06 8.68167e-07 4.02769e-07
threshold=0.08160000000000002 58.500000000000007 43500.000000000007 0.10650000000000003 0.034850000000000006 61603.145000000011 67500.000000000015 0.06235000000000001 0.064700000000000021 0.073450000000000015 126000.00000000001 85000.000000000015 42.500000000000007 0.099800000000000014
decision_type=2 2 2 2 2 2 2 2 2 2 2 2 2 2
left_child=1 2 -1 -4 10 6 -6 -7 13 11 -5 12 -8 -3
right_child=-2 8 3 4 5 7 9 -9 -10 -11 -12 -13 -14 -15
leaf_value=-0.095618178474480064 0.081536982005531208 0.081780846809758431 0.089442552927328403 0.081804767507973178 -0.06483464688388009 -0.042750337489261582 0.082243320873598591 -0.098962716066719192 0.082818877907521515 0.083276732148070909 0.082870539123851769 0.081608720075673102 0.081849270230215543 0.081534433190796007
leaf_weight=0.53907285630703095 0.9617304578423499 0.063215309754013904 0.14678476005792607 0.063822340220212825 0.53638381883501984 0.21299955993890762 0.079377885907888412 0.4588330090045929 0.13015314005315304 0.066835420206189156 0.097326694056391716 0.057752093300223351 0.06515456922352314 0.12925564870238304
leaf_count=4 52 3 2 3 5 3 3 3 4 2 3 3 3 7
internal_value=0.00349852 -0.0248554 -0.0397012 -0.0228168 -0.0328736 -0.045453 -0.0156873 -0.081141 0.0821009 0.0822684 0.0824484 0.0819352 0.0820657 0.0816154
internal_weight=3.6087 2.64697 2.32434 1.78527 1.63849 1.47734 0.805504 0.671833 0.322624 0.26912 0.161149 0.202285 0.144532 0.192471
internal_count=100 48 34 30 28 22 16 6 14 11 6 9 6 10
is_linear=0
shrinkage=0.08


Tree=23
num_leaves=15
num_cat=0
split_feature=7 9 7 0 0 3 7 1 0 4 7 1 0 9
split_gain=1.14337 0.596135 0.364588 0.229935 0.405017 0.213531 0.35256 0.398902 0.457919 2.52657e-05 1.37341e-05 8.62779e-06 5.34588e-06 1.08228e-06
threshold=0.08160000000000002 58.500000000000007 0.034850000000000006 43500.000000000007 58000.000000000007 0.35250000000000009 0.053950000000000005 64837.625000000007 60500.000000000007 -0.86029999999999995 0.064700000000000021 67625.315000000017 126000.00000000001 42.500000000000007
decision_type=2 2 2 2 2 2 2 2 2 2 2 2 2 2
left_child=1 2 12 -4 -5 6 11 8 -8 13 -3 -6 -1 -10
right_child=-2 10 3 4 5 -7 7 -9 9 -11 -12 -13 -14 -15
leaf_value=0.08166308878698493 0.081416636479761981 0.081488783940226919 -0.094201811124377435 0.088625075482228491 0.081685209195082639 -0.095189787323212802 -0.097472334208833666 -0.098038801590844785 0.081982786641091543 0.083438030931107021 0.082594982086611535 0.082898523861851856 0.082642663158523075 0.081506111720493546
leaf_weight=0.059013511985541611 0.88904816657304753 0.17793787829577912 0.50480202585458789 0.15969464927911747 0.05959300138056256 0.40049192309379578 0.14712220430374146 0.4494013637304306 0.069924402981997202 0.11064727790653639 0.12045894749462605 0.10121519491076469 0.090081529691815376 0.054045846685767174
leaf_count=3 52 10 4 2 3 3 1 3 3 3 4 3 3 3
internal_value=0.003478 -0.0241895 -0.0385443 -0.0473003 -0.0320465 -0.045886 -0.02598 -0.0469586 0.0131752 0.0825593 0.0819353 0.0824489 0.0822549 0.081775
internal_weight=3.39348 2.50443 2.20603 2.05694 1.55214 1.39244 0.991949 0.831141 0.38174 0.234618 0.298397 0.160808 0.149095 0.12397
internal_count=100 48 34 28 24 22 19 13 10 9 14 6 6 6
is_linear=0
shrinkage=0.08


Tree=24
num_leaves=15
num_cat=0
split_feature=7 9 0 7 5 3 0 6 3 0 7 3 4 4
split_gain=1.05158 0.546281 0.287935 0.261173 0.366673 0.297286 0.173922 0.402131 3.19956e-05 1.1859e-05 1.07391e-05 2.47856e-07 2.55772e-08 8.95575e-11
threshold=0.08160000000000002 58.500000000000007 43500.000000000007 0.077300000000000021 0.12305000000000002 0.10650000000000003 79000.000000000015 0.053000000000000012 0.31505000000000005 107500.00000000001 0.064700000000000021 0.099800000000000014 -1.0602499999999997 -0.87944999999999984
decision_type=2 2 2 2 2 2 2 2 2 2 2 2 2 2
left_child=1 2 -1 4 5 -4 -7 -8 -6 12 11 -3 -9 -13
right_child=-2 10 3 -5 8 6 7 9 -10 -11 -12 13 -14 -15
leaf_value=-0.092931664117533966 0.081305867514445129 0.081512690662527656 0.087936961432182242 -0.094780062523163566 0.081986364375355752 -0.078348903888903559 -0.064872463301413066 0.081447470412691875 0.083851246307942801 0.082674957993746523 0.082389399295824575 0.081300976685977272 0.081367117325631608 0.081305581366944255
leaf_weight=0.47209893167019013 0.8217676207423209 0.054046619683503994 0.12730168737471081 0.26182007789611805 0.11107468046247948 0.45112006738781929 0.32035025209188461 0.052113642916083558 0.12530158087611198 0.08862764947116375 0.11146382428705692 0.047236954793334007 0.049372237175702827 0.063199356198310852
leaf_count=4 52 3 2 2 5 5 4 3 3 3 4 3 3 4
internal_value=0.00347313 -0.0239174 -0.0380821 -0.0217664 -0.00734176 -0.0269478 -0.0421571 -0.0101728 0.0829749 0.0819988 0.0817831 0.0813723 0.0814084 0.0813036
internal_weight=3.1569 2.33513 2.05918 1.58708 1.32526 1.08889 0.961584 0.510464 0.236376 0.190114 0.275947 0.164483 0.101486 0.110436
internal_count=100 48 34 30 28 20 18 13 8 9 14 10 6 7
is_linear=0
shrinkage=0.08


Tree=25
num_leaves=15
num_cat=0
split_feature=7 9 7 0 0 3 7 1 0 4 7 1 1 9
split_gain=0.964917 0.497468 0.314754 0.192143 0.336583 0.181875 0.298852 0.339926 0.392283 1.50295e-05 8.40136e-06 4.17607e-06 4.00799e-06 1.09887e-06
threshold=0.08160000000000002 58.500000000000007 0.034850000000000006 43500.000000000007 58000.000000000007 0.35250000000000009 0.053950000000000005 64837.625000000007 60500.000000000007 -0.86029999999999995 0.064700000000000021 67625.315000000017 66635.735000000015 42.500000000000007
decision_type=2 2 2 2 2 2 2 2 2 2 2 2 2 2
left_child=1 2 12 -4 -5 6 11 8 -8 13 -3 -6 -1 -10
right_child=-2 10 3 4 5 -7 7 -9 9 -11 -12 -13 -14 -15
leaf_value=0.081675299381089778 0.081203893655278192 0.081265079559845188 -0.091789635346427867 0.087250535051386566 0.081554682770793571 -0.092755677890201518 -0.094655232904727868 -0.095129404648082838 0.081792748209872757 0.082939512867490003 0.08220054115955458 0.0824516092010842 0.082567479621901169 0.081279188109765435
leaf_weight=0.076332211494446578 0.75950105115771283 0.15202910639345635 0.44100242108106602 0.13831683993339527 0.053924983367323653 0.35419449955224991 0.13085596263408661 0.3999505341053009 0.06314025819301583 0.098202759400010331 0.10312087833881378 0.086537761613726616 0.055770773440599442 0.04615873284637928
leaf_count=4 52 10 4 2 3 3 1 3 3 3 4 3 2 3
internal_value=0.00346093 -0.0233837 -0.0371658 -0.0458559 -0.0310837 -0.0443587 -0.024852 -0.0452009 0.0138163 0.0822212 0.0816432 0.0821073 0.082052 0.0815759
internal_weight=2.95904 2.19954 1.94439 1.81228 1.37128 1.23297 0.878771 0.738308 0.338358 0.207502 0.25515 0.140463 0.132103 0.109299
internal_count=100 48 34 28 24 22 19 13 10 9 14 6 6 6
is_linear=0
shrinkage=0.08


Tree=26
num_leaves=15
num_cat=0
split_feature=7 9 7 0 0 3 7 1 0 4 7 1 1 9
split_gain=0.888007 0.456439 0.288336 0.17511 0.307799 0.165422 0.273853 0.308565 0.359252 1.175e-05 6.57522e-06 3.26315e-06 3.13623e-06 8.60551e-07
threshold=0.08160000000000002 58.500000000000007 0.034850000000000006 43500.000000000007 58000.000000000007 0.35250000000000009 0.053950000000000005 64837.625000000007 60500.000000000007 -0.86029999999999995 0.064700000000000021 67625.315000000017 66635.735000000015 42.500000000000007
decision_type=2 2 2 2 2 2 2 2 2 2 2 2 2 2
left_child=1 2 12 -4 -5 6 11 8 -8 13 -3 -6 -1 -10
right_child=-2 10 3 4 5 -7 7 -9 9 -11 -12 -13 -14 -15
leaf_value=0.081544175844638855 0.081109995796641243 0.081166365597985859 -0.09076036279913012 0.086652351533631988 0.081433096298879001 -0.091627303375632116 -0.09333166761585307 -0.09375807775264082 0.081652045593741604 0.082706086417823496 0.082026989294111841 0.082257582161195622 0.082364768075122635 0.081179353051929401
leaf_weight=0.070572219789028945 0.70188654959201802 0.14050431083887804 0.41152440011501301 0.12852804362773884 0.049850340932607429 0.33082436770200729 0.12243806570768356 0.37437938898801804 0.058382166549563186 0.090898035094142182 0.095385799184441566 0.080065200105309486 0.05160447396337986 0.042660157196223736
leaf_count=4 52 10 4 2 3 3 1 3 3 3 4 3 2 3
internal_value=0.00345632 -0.023162 -0.036791 -0.0453733 -0.0307586 -0.0438866 -0.0245947 -0.0446898 0.0137434 0.0820462 0.0815144 0.0819412 0.0818908 0.0814525
internal_weight=2.7495 2.04762 1.81173 1.68955 1.27803 1.1495 0.818673 0.688758 0.314378 0.19194 0.23589 0.129916 0.122177 0.101042
internal_count=100 48 34 28 24 22 19 13 10 9 14 6 6 6
is_linear=0
shrinkage=0.08


Tree=27
num_leaves=15
num_cat=0
split_feature=7 9 7 0 0 3 7 1 0 4 7 1 1 9
split_gain=0.817448 0.419021 0.264316 0.159766 0.281703 0.150655 0.251112 0.280528 0.329246 9.19059e-06 5.14802e-06 2.55106e-06 2.45513e-06 6.74166e-07
threshold=0.08160000000000002 58.500000000000007 0.034850000000000006 43500.000000000007 58000.000000000007 0.35250000000000009 0.053950000000000005 64837.625000000007 60500.000000000007 -0.86029999999999995 0.064700000000000021 67625.315000000017 66635.735000000015 42.500000000000007
decision_type=2 2 2 2 2 2 2 2 2 2 2 2 2 2
left_child=1 2 12 -4 -5 6 11 8 -8 13 -3 -6 -1 -10
right_child=-2 10 3 4 5 -7 7 -9 9 -11 -12 -13 -14 -15
leaf_value=0.081423480871045867 0.081023521674383259 0.081075458619576046 -0.089830736656000373 0.086106597785698083 0.081321172961505997 -0.090610599290514765 -0.092143698148196784 -0.092528105545751915 0.081522593584476208 0.082491736869798993 0.081867438366915318 0.082079307758524692 0.082178450264397962 0.081087413092017377
leaf_weight=0.065239018760621881 0.6485864222049712 0.12984135560691346 0.38365550339221943 0.11936770007014263 0.046078430488705413 0.3086758628487587 0.11442206799983978 0.3500014916062355 0.053975637070834193 0.084118641912937608 0.088216828182339668 0.074063504114747047 0.047740552574396133 0.03942312765866518
leaf_count=4 52 10 4 2 3 3 1 3 3 3 4 3 2 3
internal_value=0.00345188 -0.0229611 -0.036452 -0.044937 -0.0304648 -0.0434601 -0.0243621 -0.0442287 0.0136767 0.0818852 0.0813959 0.0817885 0.0817425 0.0813389
internal_weight=2.55341 1.90482 1.68676 1.57378 1.19013 1.07076 0.762083 0.641941 0.291939 0.177517 0.218058 0.120142 0.11298 0.0933988
internal_count=100 48 34 28 24 22 19 13 10 9 14 6 6 6
is_linear=0
shrinkage=0.08


Tree=28
num_leaves=15
num_cat=0
split_feature=7 9 7 0 0 3 7 1 0 4 7 1 1 9
split_gain=0.752677 0.384857 0.242446 0.145914 0.258009 0.137371 0.230397 0.255389 0.301945 7.1918e-06 4.03209e-06 1.99541e-06 1.92265e-06 5.28311e-07
threshold=0.08160000000000002 58.500000000000007 0.034850000000000006 43500.000000000007 58000.000000000007 0.35250000000000009 0.053950000000000005 64837.625000000007 60500.000000000007 -0.86029999999999995 0.064700000000000021 67625.315000000017 66635.735000000015 42.500000000000007
decision_type=2 2 2 2 2 2 2 2 2 2 2 2 2 2
left_child=1 2 12 -4 -5 6 11 8 -8 13 -3 -6 -1 -10
right_child=-2 10 3 4 5 -7 7 -9 9 -11 -12 -13 -14 -15
leaf_value=0.08131236341960861 0.080943863495716015 0.080991726678989254 -0.08898950611594382 0.085608200867597989 0.081218110007426583 -0.089692557093093886 -0.091074738372483519 -0.091422035696385892 0.081403459390572072 0.082294816953551286 0.081720716171069144 0.081915461461298592 0.082007136600797087 0.081002732740362599
leaf_weight=0.060302163474262094 0.59928602725267399 0.11997756548225869 0.35736983269453038 0.11080566793680169 0.042587538249790668 0.28774105757474899 0.10681388527154922 0.32684101164340973 0.049895755015313292 0.077829550951719617 0.081574669107794762 0.06850043311715126 0.044158408418297768 0.036428635008633137
leaf_count=4 52 10 4 2 3 3 1 3 3 3 4 3 2 3
internal_value=0.00344761 -0.0227788 -0.0361446 -0.0445418 -0.0301986 -0.043074 -0.0241515 -0.0438117 0.0136157 0.0817371 0.0812868 0.0816481 0.0816061 0.0812344
internal_weight=2.37011 1.77083 1.56927 1.46481 1.10744 0.996638 0.708897 0.597809 0.270968 0.164154 0.201552 0.111088 0.104461 0.0863244
internal_count=100 48 34 28 24 22 19 13 10 9 14 6 6 6
is_linear=0
shrinkage=0.08


Tree=29
num_leaves=15
num_cat=0
split_feature=7 9 0 7 0 3 7 1 0 4 7 1 1 9
split_gain=0.69319 0.353633 0.184576 0.171319 0.236464 0.125392 0.211503 0.232791 0.277072 5.63011e-06 3.15921e-06 1.56146e-06 1.50621e-06 4.14145e-07
threshold=0.08160000000000002 58.500000000000007 43500.000000000007 0.034850000000000006 58000.000000000007 0.35250000000000009 0.053950000000000005 64837.625000000007 60500.000000000007 -0.86029999999999995 0.064700000000000021 67625.315000000017 66635.735000000015 42.500000000000007
decision_type=2 2 2 2 2 2 2 2 2 2 2 2 2 2
left_child=1 2 -1 12 -5 6 11 8 -8 13 -3 -6 -4 -10
right_child=-2 10 3 4 5 -7 7 -9 9 -11 -12 -13 -14 -15
leaf_value=-0.088226949090094139 0.08087047386590307 0.080914583855841146 0.08121003541345298 0.085152637598780084 0.081123192895806009 -0.08886199683611283 -0.090110680076104455 -0.090425066374086871 0.08129379836620608 0.082113854972326039 0.081585753035417721 0.081764809178521358 0.081849571780254177 0.080924721488397328
leaf_weight=0.33262886852026019 0.55369241908192623 0.11085455585271109 0.055733206681907066 0.1028114780783651 0.039357383735477924 0.26799971610307693 0.099613413214683533 0.30490271747112274 0.04611919820308652 0.071997636929154729 0.075422424823045731 0.063345648348331451 0.040838634595274925 0.033658970147371292
leaf_count=4 52 10 4 2 3 3 1 3 3 3 4 3 2 3
internal_value=0.00344355 -0.0226132 -0.0358656 -0.0204029 -0.0299572 -0.0427238 -0.0239604 -0.0434341 0.0135599 0.081601 0.0811863 0.0815189 0.0814805 0.0811381
internal_weight=2.19898 1.64528 1.45901 1.12638 1.02981 0.926995 0.658995 0.556292 0.251389 0.151776 0.186277 0.102703 0.0965718 0.0797782
internal_count=100 48 34 30 24 22 19 13 10 9 14 6 6 6
is_linear=0
shrinkage=0.08


Tree=30
num_leaves=15
num_cat=0
split_feature=7 9 0 7 0 3 7 1 0 4 7 1 1 9
split_gain=0.638531 0.325072 0.168863 0.157484 0.216849 0.114569 0.194254 0.212429 0.254383 4.40921e-06 2.476e-06 1.22239e-06 1.18033e-06 3.24728e-07
threshold=0.08160000000000002 58.500000000000007 43500.000000000007 0.034850000000000006 58000.000000000007 0.35250000000000009 0.053950000000000005 64837.625000000007 60500.000000000007 -0.86029999999999995 0.064700000000000021 67625.315000000017 66635.735000000015 42.500000000000007
decision_type=2 2 2 2 2 2 2 2 2 2 2 2 2 2
left_child=1 2 -1 12 -5 6 11 8 -8 13 -3 -6 -4 -10
right_child=-2 10 3 4 5 -7 7 -9 9 -11 -12 -13 -14 -15
leaf_value=-0.087534624886049919 0.080802849075836708 0.080843511642799071 0.081115795165888141 0.084735912828373949 0.081035766306551335 -0.088109270411014101 -0.089239443131984272 -0.089524540236794889 0.081192828995069577 0.081947490479806456 0.081461566274891747 0.081626257104973579 0.081704613872851231 0.08085284699161123
leaf_weight=0.3093846291303638 0.5115329436957835 0.10241796821355809 0.051505583338439243 0.095354713499546051 0.036369050852954388 0.24942216277122498 0.092815831303596497 0.28417618572711945 0.042624180205166118 0.066591644659638627 0.069725504145026207 0.058570630848407745 0.037762981839478016 0.031097645871341228
leaf_count=4 52 10 4 2 3 3 1 3 3 3 4 3 2 3
internal_value=0.0034397 -0.0224624 -0.035612 -0.0202587 -0.0297379 -0.0424059 -0.0237868 -0.0430915 0.0135088 0.0814756 0.0810939 0.0814001 0.0813649 0.0810494
internal_weight=2.03935 1.52782 1.35568 1.04629 0.957022 0.861667 0.612245 0.517305 0.233129 0.140313 0.172143 0.0949397 0.0892686 0.0737218
internal_count=100 48 34 30 24 22 19 13 10 9 14 6 6 6
is_linear=0
shrinkage=0.08


Tree=31
num_leaves=15
num_cat=0
split_feature=7 9 0 7 0 3 7 1 0 4 7 1 1 9
split_gain=0.588288 0.298925 0.154605 0.144819 0.198969 0.104772 0.178489 0.194042 0.233664 3.45428e-06 1.94111e-06 9.57287e-07 9.25256e-07 2.54676e-07
threshold=0.08160000000000002 58.500000000000007 43500.000000000007 0.034850000000000006 58000.000000000007 0.35250000000000009 0.053950000000000005 64837.625000000007 60500.000000000007 -0.86029999999999995 0.064700000000000021 67625.315000000017 66635.735000000015 42.500000000000007
decision_type=2 2 2 2 2 2 2 2 2 2 2 2 2 2
left_child=1 2 -1 12 -5 6 11 8 -8 13 -3 -6 -4 -10
right_child=-2 10 3 4 5 -7 7 -9 9 -11 -12 -13 -14 -15
leaf_value=-0.086905172504022965 0.080740525905965088 0.080778013785745784 0.081028979441777546 0.084354406176119334 0.080955219856704647 -0.087426015861266249 -0.088450640737629066 -0.088709588172032353 0.08109984815016695 0.081794501356531907 0.081347267863858 0.081498780685008848 0.081571218623931407 0.080786618774876931
leaf_weight=0.28758224844932534 0.47255412489175808 0.094617249444126972 0.047594521194696426 0.088405400514602661 0.033604914322495461 0.23197169601917267 0.086412705481052399 0.26463920623064041 0.039390358142554649 0.061582147143781296 0.064451520331203938 0.054148642346262932 0.034914319403469563 0.028729325160384178
leaf_count=4 52 10 4 2 3 3 1 3 3 3 4 3 2 3
internal_value=0.00343607 -0.0223251 -0.0353811 -0.0201274 -0.0295383 -0.0421167 -0.0236289 -0.0427801 0.0134619 0.0813603 0.0810087 0.0812906 0.0812584 0.0809677
internal_weight=1.8906 1.41804 1.25898 0.971393 0.888884 0.800479 0.568507 0.480754 0.216115 0.129702 0.159069 0.0877536 0.0825088 0.0681197
internal_count=100 48 34 30 24 22 19 13 10 9 14 6 6 6
is_linear=0
shrinkage=0.08


Tree=32
num_leaves=15
num_cat=0
split_feature=7 9 0 7 0 3 7 1 0 4 7 1 1 9
split_gain=0.542087 0.274971 0.141648 0.133215 0.182655 0.0958886 0.164068 0.177407 0.214724 2.70702e-06 1.52216e-06 7.49942e-07 7.25493e-07 1.99787e-07
threshold=0.08160000000000002 58.500000000000007 43500.000000000007 0.034850000000000006 58000.000000000007 0.35250000000000009 0.053950000000000005 64837.625000000007 60500.000000000007 -0.86029999999999995 0.064700000000000021 67625.315000000017 66635.735000000015 42.500000000000007
decision_type=2 2 2 2 2 2 2 2 2 2 2 2 2 2
left_child=1 2 -1 12 -5 6 11 8 -8 13 -3 -6 -4 -10
right_child=-2 10 3 4 5 -7 7 -9 9 -11 -12 -13 -14 -15
leaf_value=-0.086332150167497748 0.080683087896510616 0.080717651168849228 0.080948988595308205 0.084004923516090013 0.08088100434418187 -0.086804932715280642 -0.087735279948944922 -0.087970810110206007 0.081014205864182925 0.08165376315454452 0.081242046866564319 0.081381476508407172 0.081448425085201712 0.080725576590243459
leaf_weight=0.26716211810708024 0.43652035668492328 0.087405399419367202 0.043976932764053345 0.081934176385402679 0.031048555858433247 0.21560654044151306 0.080392852425575256 0.24626061320304871 0.036398762837052234 0.056941490620374791 0.059570183046162128 0.050054622814059258 0.032276596873998642 0.026539750397205353
leaf_count=4 52 10 4 2 3 3 1 3 3 3 4 3 2 3
internal_value=0.00343264 -0.0221999 -0.0351707 -0.0200078 -0.0293566 -0.0418534 -0.023485 -0.0424969 0.0134189 0.0812541 0.0809302 0.0811899 0.0811604 0.0808925
internal_weight=1.75209 1.31557 1.16859 0.901431 0.825177 0.743243 0.527637 0.446533 0.200273 0.11988 0.146976 0.0811032 0.0762535 0.0629385
internal_count=100 48 34 30 24 22 19 13 10 9 14 6 6 6
is_linear=0
shrinkage=0.08


Tree=33
num_leaves=15
num_cat=0
split_feature=7 9 0 7 0 3 7 1 0 4 7 1 1 9
split_gain=0.499589 0.253011 0.129858 0.122577 0.167756 0.0878222 0.150867 0.162332 0.197397 2.12201e-06 1.19394e-06 5.87702e-07 5.69e-07 1.56768e-07
threshold=0.08160000000000002 58.500000000000007 43500.000000000007 0.034850000000000006 58000.000000000007 0.35250000000000009 0.053950000000000005 64837.625000000007 60500.000000000007 -0.86029999999999995 0.064700000000000021 67625.315000000017 66635.735000000015 42.500000000000007
decision_type=2 2 2 2 2 2 2 2 2 2 2 2 2 2
left_child=1 2 -1 12 -5 6 11 8 -8 13 -3 -6 -4 -10
right_child=-2 10 3 4 5 -7 7 -9 9 -11 -12 -13 -14 -15
leaf_value=-0.08580988751440255 0.080630139911651341 0.080662006840642356 0.080875283632419318 0.083684579997748379 0.080812608715623985 -0.08623962606592582 -0.087085540803863021 -0.087300054710717348 0.08093531581840073 0.081524261834962281 0.081145161381453404 0.08127350364740428 0.081335375358926612 0.080669312173379124
leaf_weight=0.2480615861713884 0.40321298316121112 0.080738755408674368 0.040631321724504232 0.075912538915872574 0.028684702701866627 0.20028141140937805 0.074743062257766724 0.22900259494781494 0.033631716854870208 0.052643729373812786 0.05505320243537426 0.046265135519206524 0.029834786430001259 0.024515671189874411
leaf_count=4 52 10 4 2 3 3 1 3 3 3 4 3 2 3
internal_value=0.00342942 -0.0220856 -0.0349788 -0.0198986 -0.0291908 -0.0416134 -0.0233538 -0.0422389 0.0133795 0.0811563 0.0808579 0.0810971 0.0810701 0.0808232
internal_weight=1.62321 1.22 1.08421 0.836147 0.765681 0.689768 0.489487 0.414537 0.185534 0.110791 0.135792 0.0749498 0.0704661 0.0581474
internal_count=100 48 34 30 24 22 19 13 10 9 14 6 6 6
is_linear=0
shrinkage=0.08


Tree=34
num_leaves=15
num_cat=0
split_feature=7 9 0 7 0 3 7 1 0 4 7 1 1 9
split_gain=0.460485 0.232867 0.119117 0.112819 0.154135 0.0804871 0.138773 0.148648 0.181532 1.66392e-06 9.36694e-07 4.60705e-07 4.46366e-07 1.2303e-07
threshold=0.08160000000000002 58.500000000000007 43500.000000000007 0.034850000000000006 58000.000000000007 0.35250000000000009 0.053950000000000005 64837.625000000007 60500.000000000007 -0.86029999999999995 0.064700000000000021 67625.315000000017 66635.735000000015 42.500000000000007
decision_type=2 2 2 2 2 2 2 2 2 2 2 2 2 2
left_child=1 2 -1 12 -5 6 11 8 -8 13 -3 -6 -4 -10
right_child=-2 10 3 4 5 -7 7 -9 9 -11 -12 -13 -14 -15
leaf_value=-0.08533337752014479 0.080581323973241942 0.080610712338483118 0.080807356055619201 0.08339076639617346 0.080749570703642318 -0.085724476815754555 -0.086494596754725872 -0.086690194654480912 0.080862622300889891 0.081405074697387295 0.08105593297225655 0.081174100855311584 0.08123126979789097 0.080617444924003079
leaf_weight=0.23021633923053719 0.37242882139980804 0.074576767627149709 0.037537687923759222 0.070312969386577606 0.026499150786548853 0.18594881519675255 0.069448724389076233 0.2128225713968277 0.03107276465743769 0.048664552159607521 0.050874184817075729 0.042758280411362648 0.027574843727052212 0.02264478662982583
leaf_count=4 52 10 4 2 3 3 1 3 3 3 4 3 2 3
internal_value=0.0034264 -0.0219811 -0.0348035 -0.0197989 -0.0290395 -0.0413943 -0.023234 -0.0420036 0.0133433 0.0810662 0.0807913 0.0810117 0.0809869 0.0807593
internal_weight=1.50338 1.13095 1.0055 0.775285 0.710173 0.63986 0.453911 0.384653 0.171831 0.102382 0.125451 0.0692574 0.0651125 0.0537176
internal_count=100 48 34 30 24 22 19 13 10 9 14 6 6 6
is_linear=0
shrinkage=0.08


Tree=35
num_leaves=15
num_cat=0
split_feature=7 9 0 7 0 3 7 1 0 4 7 1 1 9
split_gain=0.424494 0.21438 0.109321 0.103863 0.141674 0.0738089 0.127686 0.13621 0.166995 1.30506e-06 7.35031e-07 3.61224e-07 3.5023e-07 9.65698e-08
threshold=0.08160000000000002 58.500000000000007 43500.000000000007 0.034850000000000006 58000.000000000007 0.35250000000000009 0.053950000000000005 64837.625000000007 60500.000000000007 -0.86029999999999995 0.064700000000000021 67625.315000000017 66635.735000000015 42.500000000000007
decision_type=2 2 2 2 2 2 2 2 2 2 2 2 2 2
left_child=1 2 -1 12 -5 6 11 8 -8 13 -3 -6 -4 -10
right_child=-2 10 3 4 5 -7 7 -9 9 -11 -12 -13 -14 -15
leaf_value=-0.084898202027690856 0.080536313081976035 0.080563421327149956 0.080744746880054341 0.083121156735074891 0.080691466107956841 -0.085254537044500533 -0.085956457242047299 -0.086134985520769952 0.08079563135507721 0.081295352299996376 0.080973744220926888 0.081082554375787388 0.081135381191650632 0.080569624152134298
leaf_weight=0.21356146037578561 0.34397948347032081 0.068881805520504713 0.03467743331566453 0.065109027549624443 0.0244787004776299 0.17256004363298416 0.064494259655475616 0.19767472892999649 0.028706594370305538 0.0449812151491642 0.047008526511490345 0.039513623341917992 0.025483652018010616 0.02091567637398839
leaf_count=4 52 10 4 2 3 3 1 3 3 3 4 3 2 3
internal_value=0.00342357 -0.0218856 -0.0346433 -0.0197079 -0.0289013 -0.0411942 -0.0231246 -0.0417888 0.0133101 0.0809833 0.0807299 0.080933 0.0809102 0.0807004
internal_weight=1.39203 1.04805 0.932156 0.718595 0.658434 0.593325 0.420765 0.356772 0.159098 0.0946035 0.11589 0.0639923 0.0601611 0.0496223
internal_count=100 48 34 30 24 22 19 13 10 9 14 6 6 6
is_linear=0
shrinkage=0.08


Tree=36
num_leaves=15
num_cat=0
split_feature=7 9 0 7 0 3 7 1 0 4 7 1 1 9
split_gain=0.39136 0.197405 0.100379 0.095639 0.130266 0.0677217 0.117517 0.12489 0.153667 1.02378e-06 5.76888e-07 2.83313e-07 2.74865e-07 7.58143e-08
threshold=0.08160000000000002 58.500000000000007 43500.000000000007 0.034850000000000006 58000.000000000007 0.35250000000000009 0.053950000000000005 64837.625000000007 60500.000000000007 -0.86029999999999995 0.064700000000000021 67625.315000000017 66635.735000000015 42.500000000000007
decision_type=2 2 2 2 2 2 2 2 2 2 2 2 2 2
left_child=1 2 -1 12 -5 6 11 8 -8 13 -3 -6 -4 -10
right_child=-2 10 3 4 5 -7 7 -9 9 -11 -12 -13 -14 -15
leaf_value=-0.084500417672251887 0.080494821146393336 0.080519815898729794 0.080687026558263819 0.082873638026652596 0.080637898424705881 -0.084825426124835471 -0.085465853042461182 -0.085628961152809699 0.080733898094277751 0.081194314327638073 0.08089802247869278 0.080998246964439455 0.081047049935853113 0.080525537439941536
leaf_weight=0.19803235679864883 0.31769014149904251 0.063618960324674845 0.032033275812864304 0.060275426134467125 0.022611090447753668 0.16006602719426155 0.05986354872584343 0.18351119756698608 0.026518968399614096 0.041572468355298042 0.043433308601379395 0.036512098275125027 0.023548973724246025 0.019317745231091976
leaf_count=4 52 10 4 2 3 3 1 3 3 3 4 3 2 3
internal_value=0.00342093 -0.0217982 -0.0344967 -0.0196245 -0.0287749 -0.0410113 -0.0230246 -0.0415926 0.0132795 0.0809068 0.0806733 0.0808604 0.0808396 0.0806461
internal_weight=1.28861 0.970915 0.863863 0.665831 0.610249 0.549973 0.389907 0.330784 0.147273 0.0874092 0.107052 0.0591232 0.0555822 0.0458367
internal_count=100 48 34 30 24 22 19 13 10 9 14 6 6 6
is_linear=0
shrinkage=0.08


Tree=37
num_leaves=15
num_cat=0
split_feature=7 9 0 7 0 3 7 1 0 4 7 1 1 9
split_gain=0.36085 0.181811 0.0922076 0.0880843 0.119815 0.0621675 0.108184 0.114575 0.14144 8.03311e-07 4.52856e-07 2.22248e-07 2.15755e-07 5.95286e-08
threshold=0.08160000000000002 58.500000000000007 43500.000000000007 0.034850000000000006 58000.000000000007 0.35250000000000009 0.053950000000000005 64837.625000000007 60500.000000000007 -0.86029999999999995 0.064700000000000021 67625.315000000017 66635.735000000015 42.500000000000007
decision_type=2 2 2 2 2 2 2 2 2 2 2 2 2 2
left_child=1 2 -1 12 -5 6 11 8 -8 13 -3 -6 -4 -10
right_child=-2 10 3 4 5 -7 7 -9 9 -11 -12 -13 -14 -15
leaf_value=-0.084136518818706527 0.08045654622201999 0.080479606011967478 0.080633817107048672 0.082646293563620937 0.080588508347664456 -0.084433233002805183 -0.085018110251693438 -0.085167268427360665 0.080676991221008645 0.08110126177659481 0.080828252981644852 0.080920575101870132 0.080965669149208871 0.080484880324143429
leaf_weight=0.183565404266119 0.29339880123734474 0.058755853213369846 0.029589162208139896 0.055788071826100349 0.02088494086638093 0.14841798320412636 0.05554020032286644 0.17028313502669334 0.024496660102158785 0.038418469950556755 0.040127202868461609 0.033735953271389008 0.021759407129138708 0.017841169144958258
leaf_count=4 52 10 4 2 3 3 1 3 3 3 4 3 2 3
internal_value=0.00341847 -0.0217181 -0.0343625 -0.0195483 -0.0286593 -0.0408439 -0.022933 -0.0414131 0.0132514 0.0808364 0.0806211 0.0807936 0.0807744 0.080596
internal_weight=1.1926 0.899204 0.800321 0.616755 0.565407 0.509619 0.361201 0.30658 0.136296 0.0807563 0.0988831 0.0546209 0.0513486 0.0423378
internal_count=100 48 34 30 24 22 19 13 10 9 14 6 6 6
is_linear=0
shrinkage=0.08


Tree=38
num_leaves=15
num_cat=0
split_feature=7 9 0 7 0 3 7 1 0 4 7 1 1 9
split_gain=0.33275 0.16748 0.0847353 0.0811415 0.110234 0.0570948 0.0996152 0.105165 0.130218 6.3045e-07 3.55545e-07 1.74394e-07 1.69382e-07 4.67475e-08
threshold=0.08160000000000002 58.500000000000007 43500.000000000007 0.034850000000000006 58000.000000000007 0.35250000000000009 0.053950000000000005 64837.625000000007 60500.000000000007 -0.86029999999999995 0.064700000000000021 67625.315000000017 66635.735000000015 42.500000000000007
decision_type=2 2 2 2 2 2 2 2 2 2 2 2 2 2
left_child=1 2 -1 12 -5 6 11 8 -8 13 -3 -6 -4 -10
right_child=-2 10 3 4 5 -7 7 -9 9 -11 -12 -13 -14 -15
leaf_value=-0.083803375069227914 0.080421260489196789 0.080442522438380723 0.080584753267811032 0.08243741192416508 0.080542964500149514 -0.084074499806325725 -0.084609111833955183 -0.084745613836877565 0.080624531583815953 0.081015550333780939 0.080763953237168146 0.080849020361463561 0.080890671392870761 0.080447387377865248
leaf_weight=0.17009845376014709 0.27095526084303856 0.054262478835880756 0.027330195065587759 0.051624072715640068 0.019289689138531685 0.13756787776947021 0.051507819443941116 0.15794142335653305 0.022627384401857853 0.035500715486705303 0.037070370279252529 0.03116865549236536 0.02010433143004775 0.016476839315146208
leaf_count=4 52 10 4 2 3 3 1 3 3 3 4 3 2 3
internal_value=0.00341617 -0.0216447 -0.0342396 -0.0194784 -0.0285533 -0.0406907 -0.0228491 -0.0412489 0.0132256 0.0807715 0.080573 0.080732 0.0807144 0.0805499
internal_weight=1.10353 0.83257 0.741237 0.571139 0.523704 0.47208 0.334513 0.284054 0.126113 0.0746049 0.0913328 0.0504583 0.0474345 0.0391042
internal_count=100 48 34 30 24 22 19 13 10 9 14 6 6 6
is_linear=0
shrinkage=0.08


Tree=39
num_leaves=15
num_cat=0
split_feature=7 9 0 7 0 3 7 1 0 4 7 1 1 9
split_gain=0.306864 0.154305 0.0778968 0.0747586 0.101447 0.0524578 0.0917437 0.0965732 0.119912 4.94874e-07 2.79182e-07 1.36863e-07 1.32998e-07 3.67158e-08
threshold=0.08160000000000002 58.500000000000007 43500.000000000007 0.034850000000000006 58000.000000000007 0.35250000000000009 0.053950000000000005 64837.625000000007 60500.000000000007 -0.86029999999999995 0.064700000000000021 67625.315000000017 66635.735000000015 42.500000000000007
decision_type=2 2 2 2 2 2 2 2 2 2 2 2 2 2
left_child=1 2 -1 12 -5 6 11 8 -8 13 -3 -6 -4 -10
right_child=-2 10 3 4 5 -7 7 -9 9 -11 -12 -13 -14 -15
leaf_value=-0.083498180622672863 0.080388706951719929 0.080408323185124267 0.080539513424926545 0.082245403031754899 0.080500967874365947 -0.083746122705682699 -0.084235183059241034 -0.084360193614841025 0.080576165262364483 0.080936582880626648 0.08070468940831145 0.080783077624278957 0.080821555456438057 0.080412806791164027
leaf_weight=0.15757125988602638 0.25022040866315365 0.050111022312194109 0.025242546573281288 0.047761760652065277 0.017815540079027414 0.12746885418891907 0.047750193625688553 0.14643732458353043 0.020899737719446421 0.032801967579871416 0.034244374837726355 0.028794828802347183 0.018573864363133907 0.015216315165162086
leaf_count=4 52 10 4 2 3 3 1 3 3 3 4 3 2 3
internal_value=0.00341404 -0.0215774 -0.034127 -0.0194143 -0.0284563 -0.0405503 -0.0227723 -0.0410985 0.0132019 0.0807116 0.0805286 0.0806752 0.0806591 0.0805073
internal_weight=1.02091 0.77069 0.686334 0.528763 0.484947 0.437185 0.309716 0.263106 0.116668 0.068918 0.0843554 0.0466104 0.0438164 0.0361161
internal_count=100 48 34 30 24 22 19 13 10 9 14 6 6 6
is_linear=0
shrinkage=0.08


end of trees

feature_importances:
medical_spend_ratio=135
monthly_salary=105
disposable_income=81
account_vintage_months=80
dti_ratio=60
balance_volatility=43
savings_ratio=27
essential_spend_ratio=17
discretionary_spend_ratio=4

parameters:
[boosting: gbdt]
[objective: binary]
[metric: binary_logloss]
[tree_learner: serial]
[device_type: cpu]
[data_sample_strategy: bagging]
[data: ]
[valid: ]
[num_iterations: 40]
[learning_rate: 0.08]
[num_leaves: 15]
[num_threads: 0]
[seed: 42]
[deterministic: 0]
[force_col_wise: 0]
[force_row_wise: 0]
[histogram_pool_size: -1]
[max_depth: -1]
[min_data_in_leaf: 3]
[min_sum_hessian_in_leaf: 0.001]
[bagging_fraction: 1]
[pos_bagging_fraction: 1]
[neg_bagging_fraction: 1]
[bagging_freq: 0]
[bagging_seed: 400]
[bagging_by_query: 0]
[feature_fraction: 1]
[feature_fraction_bynode: 1]
[feature_fraction_seed: 30056]
[extra_trees: 0]
[extra_seed: 12879]
[early_stopping_round: 0]
[early_stopping_min_delta: 0]
[first_metric_only: 0]
[max_delta_step: 0]
[lambda_l1: 0]
[lambda_l2: 0]
[linear_lambda: 0]
[min_gain_to_split: 0]
[drop_rate: 0.1]
[max_drop: 50]
[skip_drop: 0.5]
[xgboost_dart_mode: 0]
[uniform_drop: 0]
[drop_seed: 17869]
[top_rate: 0.2]
[other_rate: 0.1]
[min_data_per_group: 100]
[max_cat_threshold: 32]
[cat_l2: 10]
[cat_smooth: 10]
[max_cat_to_onehot: 4]
[top_k: 20]
[monotone_constraints: ]
[monotone_constraints_method: basic]
[monotone_penalty: 0]
[feature_contri: ]
[forcedsplits_filename: ]
[refit_decay_rate: 0.9]
[cegb_tradeoff: 1]
[cegb_penalty_split: 0]
[cegb_penalty_feature_lazy: ]
[cegb_penalty_feature_coupled: ]
[path_smooth: 0]
[interaction_constraints: ]
[verbosity: -1]
[saved_feature_importance_type: 0]
[use_quantized_grad: 0]
[num_grad_quant_bins: 4]
[quant_train_renew_leaf: 0]
[stochastic_rounding: 1]
[linear_tree: 0]
[max_bin: 255]
[max_bin_by_feature: ]
[min_data_in_bin: 3]
[bin_construct_sample_cnt: 200000]
[data_random_seed: 175]
[is_enable_sparse: 1]
[enable_bundle: 1]
[use_missing: 1]
[zero_as_missing: 0]
[feature_pre_filter: 1]
[pre_partition: 0]
[two_round: 0]
[header: 0]
[label_column: ]
[weight_column: ]
[group_column: ]
[ignore_column: ]
[categorical_feature: ]
[forcedbins_filename: ]
[precise_float_parser: 0]
[parser_config_file: ]
[objective_seed: 16083]
[num_class: 1]
[is_unbalance: 0]
[scale_pos_weight: 1]
[sigmoid: 1]
[boost_from_average: 1]
[reg_sqrt: 0]
[alpha: 0.9]
[fair_c: 1]
[poisson_max_delta_step: 0.7]
[tweedie_variance_power: 1.5]
[lambdarank_truncation_level: 30]
[lambdarank_norm: 1]
[label_gain: ]
[lambdarank_position_bias_regularization: 0]
[eval_at: ]
[multi_error_top_k: 1]
[auc_mu_weights: ]
[num_machines: 1]
[local_listen_port: 12400]
[time_out: 120]
[machine_list_filename: ]
[machines: ]
[gpu_platform_id: -1]
[gpu_device_id: -1]
[gpu_device_id_list: ]
[gpu_use_dp: 0]
[num_gpu: 1]

end of parameters

pandas_categorical:[]
